,0
0,"{'priors': array([ 1.30712303e+00,  4.79423757e-02,  1.84687537e-01,  7.51317957e-02,
        5.69613685e-02,  1.76140735e-02, -8.29312014e-02,  2.16619168e-02,
        2.73056918e-03,  1.65453596e-01, -1.15092714e-01, -1.08149965e-01,
       -3.76096218e-02, -6.57018707e-02, -3.10910760e-02, -1.68421890e-01,
       -4.87427032e-02,  1.33990371e-01, -3.15221340e-02, -8.29198514e-03,
       -1.28127746e-01,  2.63252984e-02,  8.37233380e-02, -6.29610009e-02,
       -9.57707087e-02, -1.17820777e-03,  6.76047219e-02,  4.41295669e-01,
        1.19250070e-01,  1.29149203e-01, -1.56102217e-01,  4.04556095e-02,
       -1.01914337e-01,  2.17276222e-01,  3.04717058e-01, -1.03995708e-01,
        4.98553428e-01, -6.21992301e-01,  6.29731652e-01, -8.94567279e-01,
       -2.80611650e-01, -6.68599504e-01, -7.19304514e-01,  7.18726001e-02,
       -8.38538964e-01,  6.07841739e-01, -2.24499300e-01,  4.02832919e-01,
        5.26702126e-01, -1.72466900e-01,  1.03900907e+00, -8.01465475e-01,
        9.39385554e-01,  0.00000000e+00]), 'lt_0 - slope_sigma_log__': array(-7.55455391), 'lt_0 - slope_z_offset': array([ 6.16409182e-05,  3.93902168e-05,  6.52186613e-05,  5.69715112e-05,
        5.97063832e-05,  7.36141661e-05,  6.63192201e-05,  6.93833551e-05,
        6.41824934e-05,  6.01595921e-05,  7.50873860e-05,  6.52651729e-05,
        5.68195009e-05,  5.69820897e-05,  5.81798049e-05,  6.83163409e-05,
        6.58807230e-05,  7.31824416e-05,  7.22092809e-05,  6.77495254e-05,
        6.72651182e-05,  3.90224321e-05,  1.44602885e-05,  7.13479819e-05,
        7.43512977e-05,  5.90820653e-05,  6.40568008e-05,  4.49280852e-05,
        5.89243417e-05,  5.95957987e-05,  6.54584258e-05,  6.22269809e-05,
        4.16219985e-05, -2.45832107e-05,  7.09270890e-05,  7.32091636e-05,
        7.24169202e-05, -2.58783394e-06,  6.89482480e-05,  6.77801244e-05,
        6.61546274e-05,  4.11404623e-05,  5.90819884e-05,  5.36622706e-05,
        5.46441228e-05,  6.57653161e-05,  6.26690364e-05,  6.88338104e-05,
        6.66215525e-05,  6.95544654e-05,  5.72955858e-05,  7.30782894e-05,
        5.77972237e-05,  6.47940266e-05,  5.93976298e-05,  5.69877693e-05,
        7.46473290e-05,  6.46711863e-05,  4.34295721e-05,  1.63341301e-05,
        7.28128301e-05,  6.25351525e-05,  6.60840495e-05,  4.53376240e-05,
        5.61560090e-05,  4.73547957e-05,  5.32040840e-05,  7.64116895e-05,
        7.27454290e-05,  2.33765400e-05,  7.42284830e-05,  6.14098746e-05,
        6.82292278e-05,  4.79745621e-05,  6.38956235e-05,  6.70498516e-05,
        6.76456681e-05,  5.68157225e-05,  4.28875217e-05,  6.52015221e-05,
        6.20892009e-05,  6.43722461e-05,  6.90623448e-05,  5.85732803e-05,
        6.57502232e-05,  7.54307642e-05,  6.35970381e-05,  5.20381030e-05,
        6.80671499e-05,  6.34903011e-05,  6.12353374e-05,  6.96564238e-05,
        5.29353241e-05,  5.45278583e-05,  5.23083341e-05,  7.23110714e-05,
        6.84592779e-05,  4.00173818e-05,  7.31827932e-05,  6.08175411e-05,
        6.77407105e-05,  4.50968621e-05,  7.15194320e-05,  5.72554841e-05,
        6.38433707e-05,  6.46310250e-05,  5.73925774e-05,  5.14842273e-05,
        6.12392407e-05,  5.22411529e-05,  2.53544498e-05,  7.38107553e-05,
        6.57197562e-05,  6.66641182e-05,  5.47160361e-05,  5.75594933e-05,
        7.14182078e-05,  7.55628994e-05,  5.24813612e-05,  6.50928210e-05,
        2.85582427e-05,  5.52471388e-05,  5.78430698e-05,  5.74620385e-05,
        6.00787769e-05,  7.08475071e-05,  3.22752987e-05,  7.02444844e-05,
        4.32050123e-05,  5.24290334e-05,  7.04934845e-05,  5.02752693e-05,
        5.70817412e-05,  6.39213451e-05,  6.60071681e-05,  6.86223841e-05,
        2.31338489e-05,  5.86505824e-05,  3.22261887e-05,  6.84047310e-05,
        5.01213400e-05,  6.03191018e-05,  4.98556592e-05,  6.95974452e-05,
        6.41009514e-05,  5.48432168e-05,  6.76074303e-05,  6.65308570e-05,
        6.52088102e-05,  6.40550199e-05,  4.33716461e-05,  6.21296590e-05,
        3.01721400e-05,  6.66408798e-05, -2.84152423e-05,  6.90421968e-05,
        5.72566959e-05,  6.45429523e-05,  7.22413809e-05,  6.11143231e-05,
        2.43057595e-05,  6.81023323e-05,  5.60417427e-05, -1.20782521e-05,
        4.69271730e-05,  7.12582805e-05,  5.64257247e-05,  3.06144664e-05,
        7.14472603e-05,  6.95274386e-05,  5.55136603e-05,  5.00143529e-05,
        5.63284119e-05,  5.32136767e-05,  5.93540488e-05,  6.10821726e-05,
        4.46042146e-05,  6.82819438e-05,  6.87449224e-05, -3.76705886e-05,
        5.62559908e-05,  6.50538218e-05,  7.07458784e-05,  6.55137869e-05,
        6.83584209e-05,  1.80703906e-05,  7.23710059e-05,  5.69989608e-05,
        7.21336309e-05,  4.96030153e-05,  7.33940589e-05,  6.70938567e-05,
        6.37977898e-05,  6.57851558e-05,  7.51855237e-05,  5.58736417e-05,
        5.77186241e-05,  7.34453083e-05,  7.16678951e-05,  4.21326637e-05,
        6.90784661e-05,  5.43801828e-05,  6.38117566e-05,  4.88400881e-05,
        7.07662346e-05,  6.63774233e-05,  7.67085012e-05,  6.99057081e-05,
        6.66839279e-05,  6.83727293e-05,  6.46239636e-05,  7.63257984e-05,
        7.40655362e-05,  7.50935178e-05,  6.15446869e-05,  2.62110304e-05,
        7.00413180e-05,  7.07673120e-05,  7.18395463e-05,  7.37902219e-05,
        6.68144244e-05,  6.57427859e-05,  6.51451729e-05,  6.21916447e-05,
        5.83768766e-05,  4.91485765e-05,  5.86853726e-05,  7.47643287e-05,
        6.81643126e-05,  4.67953846e-05,  6.85291038e-05,  5.09202146e-05,
        5.98561471e-05,  6.47025834e-05,  6.11062169e-05,  5.72157744e-05,
        4.96892928e-05,  6.54652460e-05,  7.02179131e-05,  6.18143641e-05,
        6.79846804e-05,  7.36701280e-05,  6.12490762e-05,  5.69213991e-05,
        5.85695126e-05,  6.10228067e-05,  6.72495603e-05,  3.50283821e-05,
        3.49545163e-05,  1.97747359e-05,  6.51704415e-05,  6.58002134e-05,
        4.75765494e-05,  7.92307597e-05,  6.49851993e-05,  7.08962636e-05,
        7.00037602e-05,  7.07173739e-05,  6.35588475e-05,  6.52733553e-05,
        6.49211483e-05,  5.62630246e-05,  6.25127945e-05,  3.31824781e-05,
        5.06236948e-05,  7.18986280e-05,  5.66377009e-05,  2.32978060e-05,
        7.57036930e-05,  7.09694820e-05,  5.42084092e-05,  5.16061889e-05,
        6.14227696e-05,  4.01382054e-05,  6.59396649e-05,  5.71043742e-05,
        4.33910471e-05,  6.66627272e-05,  6.91736694e-05,  6.45907209e-05,
        7.11151642e-05,  4.68351196e-05,  5.71702912e-05,  5.97834023e-05,
        6.95418844e-05, -5.57324158e-07, -1.28165461e-05,  6.53590472e-05,
        7.20910706e-05,  5.91350023e-05,  2.48451834e-05,  5.92601463e-05,
        1.25259719e-06,  4.70962582e-05,  6.34095546e-05,  7.15645158e-05,
        3.76948138e-05,  6.79781976e-05,  6.43012361e-05,  6.84915653e-05,
        7.47300536e-05,  7.39646123e-05,  4.00144204e-05,  6.41863698e-05,
       -8.24777972e-06,  7.29657531e-05,  5.32689501e-05,  6.73859999e-05,
        5.51018976e-05,  3.12843143e-05,  7.77618742e-05,  6.74812747e-05,
        6.32972861e-05,  7.46775190e-05,  6.92324047e-05,  6.52270652e-05,
        7.32715827e-05,  7.86266531e-05,  6.44408141e-05,  5.48848997e-05,
        6.08788157e-05,  6.09848186e-05,  6.04268466e-05,  6.44580107e-05,
        6.08661282e-05,  5.28572298e-05,  6.86896555e-05,  7.02430111e-05,
        6.09644586e-05,  6.13585470e-05,  5.77402801e-05,  5.54916057e-05,
        2.34571467e-05,  5.80120747e-05,  4.94926959e-06,  5.58495158e-05,
        5.47051371e-05,  5.62041458e-05,  6.58848635e-05,  5.09499959e-05,
        7.42616651e-05,  6.90370240e-05,  6.38349080e-05,  1.67839608e-05,
        5.53187616e-05,  7.61444648e-05,  7.00267115e-05,  6.25614634e-05,
        7.50385370e-05,  6.14615389e-05,  5.29775048e-05,  4.92693873e-05,
        5.61105314e-05,  6.29906785e-05,  5.69429593e-05,  6.69186085e-05,
        1.90175212e-05,  5.94503828e-05,  7.34510917e-05,  7.42763327e-05,
        5.99011268e-05,  4.95879679e-05,  6.94010053e-05,  6.97377873e-05,
        7.32250333e-05,  6.72096501e-05,  6.12114844e-05,  3.68250994e-05,
        7.38505154e-05,  2.57736486e-05,  6.35466923e-05,  7.18207945e-05,
        7.38426596e-05,  6.42573973e-05,  7.15045582e-05,  6.49004059e-05,
        5.74291166e-05,  7.46656611e-05,  6.30485047e-05,  6.67650329e-05,
        6.68437437e-05,  6.48562569e-05,  6.96072084e-05,  7.25125176e-05,
        5.00189381e-05,  6.23233156e-05,  6.50978248e-05,  7.70124839e-05,
        6.89049727e-05,  8.49494404e-06,  6.29471607e-05,  7.38207107e-05,
        5.35009204e-05,  7.05512692e-05,  6.88327111e-05,  6.95623710e-05,
        5.83324606e-05,  2.43712132e-05,  5.23983627e-05,  6.42394733e-05,
        6.05811349e-05,  3.75084166e-05,  6.07672800e-05,  6.63060657e-05,
        7.19751705e-05,  7.70170561e-06,  6.69292631e-05,  7.19867063e-05,
        7.28970069e-05,  5.99650822e-05,  6.29013130e-05,  5.39655553e-05,
        7.53663067e-05,  6.30290298e-05,  5.99293966e-05,  4.43618679e-05,
        6.30245714e-05,  5.58706897e-05,  6.19450729e-05,  7.55027430e-05,
        5.98258980e-05,  5.84029495e-05,  4.89535644e-05,  4.85631971e-05,
        7.15279599e-05,  6.00506402e-05,  6.61193529e-05,  3.51899267e-06,
        6.44822151e-05,  7.06617948e-05,  6.60067750e-05,  7.19521364e-05,
        7.60035690e-05,  5.80734829e-07,  5.84649356e-05,  6.36333229e-05,
        6.10149346e-05,  7.13824889e-05,  6.07877083e-05,  5.75202276e-05,
        6.61335217e-05,  4.72855175e-05,  4.82241952e-05,  7.15796982e-05,
        9.99376159e-03]), 'lt_0 - delta': array([ 0.04548929,  0.07183379,  0.01483675, -0.00822503, -0.0782132 ,
       -0.12598634, -0.1407016 , -0.32014405, -0.05430403,  0.0608296 ,
        0.18886902,  0.33755149,  0.26639436, -0.31813145, -1.45027858,
       -1.96852537, -1.11054911,  1.22687074,  3.50816877,  3.03975828,
       -0.61406627, -2.79742596, -1.38633028,  0.29796613,  0.72220163]), 'lt_0 - intercept': array([ 0.12625654,  0.04649004,  0.11570026,  0.11371743,  0.11484387,
        0.13940935,  0.11703015,  0.13226412,  0.10999818,  0.11988904,
        0.14264357,  0.13023992,  0.09684411,  0.09747302,  0.12099277,
        0.13389279,  0.13161646,  0.14738662,  0.14458761,  0.13153305,
        0.13500525,  0.06370813,  0.01036148,  0.12724136,  0.13897037,
        0.10290478,  0.1155675 ,  0.10385575,  0.11980558,  0.12015568,
        0.12764363,  0.12288646,  0.08930401, -0.01392183,  0.13203741,
        0.13083752,  0.13495333,  0.02932333,  0.12597474,  0.1234339 ,
        0.13042598,  0.0605006 ,  0.10502823,  0.08745783,  0.07962416,
        0.10896737,  0.11504872,  0.13813964,  0.11884152,  0.13072942,
        0.11850916,  0.13869194,  0.10452702,  0.11076298,  0.12366623,
        0.09546611,  0.1382553 ,  0.12844438,  0.09984169,  0.03268171,
        0.13816723,  0.1120023 ,  0.12127222,  0.07863892,  0.12116704,
        0.07433205,  0.11526373,  0.14167483,  0.13599761,  0.07291526,
        0.14111258,  0.10460568,  0.12521488,  0.09181304,  0.10368203,
        0.12871689,  0.11593505,  0.11826989,  0.06716232,  0.12660525,
        0.10576386,  0.12105871,  0.13115888,  0.10404669,  0.12414306,
        0.14465604,  0.11339257,  0.1199475 ,  0.12744157,  0.11268607,
        0.10791872,  0.13797386,  0.08726661,  0.08473667,  0.11420323,
        0.14787183,  0.13767   ,  0.09489877,  0.13684106,  0.11395705,
        0.12326488,  0.10129468,  0.12291374,  0.11823588,  0.108483  ,
        0.11668004,  0.09446037,  0.1151796 ,  0.10651174,  0.08222635,
        0.06911196,  0.14150725,  0.13648772,  0.11932622,  0.09264789,
        0.1083359 ,  0.13292424,  0.13824797,  0.0981538 ,  0.1096024 ,
        0.0794853 ,  0.09618579,  0.09603127,  0.09760154,  0.10692744,
        0.14171343,  0.0704451 ,  0.13058481,  0.05854586,  0.07846344,
        0.13143201,  0.11264882,  0.09818447,  0.11310549,  0.11551656,
        0.13066745,  0.06724008,  0.12558898,  0.07618229,  0.12628321,
        0.08100895,  0.10072767,  0.08114775,  0.13956022,  0.11214433,
        0.0913151 ,  0.12283173,  0.12536199,  0.12625685,  0.12410617,
        0.06965346,  0.1163699 ,  0.07067514,  0.12337874, -0.00665093,
        0.13098872,  0.0984362 ,  0.12532724,  0.12832564,  0.12971356,
        0.07583082,  0.12990114,  0.09834109,  0.02233918,  0.06710595,
        0.14244722,  0.12267631,  0.07391411,  0.13277075,  0.13749519,
        0.0870845 ,  0.08284437,  0.12197133,  0.1176677 ,  0.11183916,
        0.11634166,  0.09943643,  0.13788476,  0.13457946, -0.02627364,
        0.12226765,  0.12479455,  0.13747972,  0.11962546,  0.12174504,
        0.06328763,  0.13810695,  0.09790317,  0.13660767,  0.08764879,
        0.13753524,  0.11700951,  0.13245414,  0.11331332,  0.13826444,
        0.09054388,  0.10024285,  0.15010109,  0.14069887,  0.07350832,
        0.13765212,  0.09709908,  0.1253354 ,  0.08107486,  0.12741127,
        0.13086048,  0.14513526,  0.13004563,  0.12792969,  0.12792526,
        0.11039567,  0.14195686,  0.14261546,  0.14378764,  0.13208302,
        0.07807977,  0.13361906,  0.13730301,  0.13232381,  0.15075256,
        0.12226179,  0.13358836,  0.11873568,  0.12414191,  0.09727944,
        0.08292194,  0.10404221,  0.13923909,  0.12219281,  0.06733925,
        0.13256646,  0.07675881,  0.12990538,  0.10774476,  0.10552764,
        0.11556209,  0.08024368,  0.12947369,  0.13625597,  0.13275401,
        0.1235243 ,  0.1369514 ,  0.12388532,  0.09613976,  0.08981707,
        0.11969773,  0.13801883,  0.05248624,  0.08808626,  0.05991208,
        0.13095433,  0.1267211 ,  0.07571265,  0.1510126 ,  0.11437052,
        0.14293398,  0.12909949,  0.1304617 ,  0.13407983,  0.12894527,
        0.11679153,  0.12217455,  0.11842168,  0.08600611,  0.07988367,
        0.13344958,  0.09298416,  0.06605806,  0.14259712,  0.13071688,
        0.09064707,  0.091037  ,  0.1127309 ,  0.09408084,  0.12173174,
        0.10694819,  0.07245317,  0.13494036,  0.13330926,  0.13236444,
        0.12504239,  0.09954986,  0.088151  ,  0.10288002,  0.12575719,
       -0.01274756, -0.01081031,  0.12264682,  0.14089759,  0.09799512,
        0.07787269,  0.1144988 ,  0.03221307,  0.10560974,  0.1344159 ,
        0.14335699,  0.10018071,  0.13060145,  0.12196689,  0.12005692,
        0.15051483,  0.14695387,  0.06194001,  0.12814842,  0.02635256,
        0.1374211 ,  0.0884836 ,  0.12217321,  0.11913831,  0.03905078,
        0.15197792,  0.1289464 ,  0.1146122 ,  0.14603093,  0.12342172,
        0.13649431,  0.13788392,  0.15484458,  0.13098971,  0.09834222,
        0.10233717,  0.10788407,  0.12796312,  0.12553749,  0.12603508,
        0.08179517,  0.12227215,  0.11825154,  0.11652817,  0.11353992,
        0.11563096,  0.09748732,  0.06945029,  0.11511349,  0.04703539,
        0.11028725,  0.0746723 ,  0.09254509,  0.12290273,  0.10671759,
        0.13722528,  0.1405451 ,  0.12125799,  0.01335145,  0.11498329,
        0.14474642,  0.14399908,  0.10120536,  0.1399201 ,  0.10761046,
        0.10835682,  0.0885642 ,  0.11110294,  0.10197316,  0.0879136 ,
        0.13162385,  0.06597581,  0.10047231,  0.14189162,  0.14042899,
        0.10485146,  0.08281317,  0.13764743,  0.13303264,  0.13467273,
        0.13215894,  0.11450649,  0.05129142,  0.14389435,  0.02027313,
        0.11559633,  0.13039797,  0.13544556,  0.13142863,  0.13811528,
        0.11577598,  0.12311455,  0.14030783,  0.12112971,  0.13385625,
        0.13478761,  0.10239376,  0.12585234,  0.13221497,  0.09874948,
        0.10873564,  0.12370861,  0.14286037,  0.12605639,  0.04791518,
        0.12691134,  0.14308367,  0.08857824,  0.1287019 ,  0.13251124,
        0.13739899,  0.11580976,  0.01838627,  0.09038333,  0.11470644,
        0.10941583,  0.0587293 ,  0.12426577,  0.13338056,  0.13556404,
        0.0520802 ,  0.13085318,  0.13010855,  0.13392979,  0.12539665,
        0.11560893,  0.08522028,  0.14493607,  0.13358862,  0.10635748,
        0.06815556,  0.11958452,  0.12056633,  0.12656316,  0.14480849,
        0.09305777,  0.09771095,  0.07758379,  0.07457406,  0.14088274,
        0.09725549,  0.11755827,  0.04787226,  0.11016346,  0.13942283,
        0.12457754,  0.14060739,  0.13790746,  0.03970871,  0.0980061 ,
        0.13235265,  0.11897254,  0.13478353,  0.12534903,  0.11499158,
        0.11969645,  0.07515881,  0.11409022,  0.12741553, -0.0690699 ]), 'fs_0 - beta_sigma(p=7,n=3)_log__': array([-12.78987277, -12.78655057, -12.79182505, -12.78751549,
       -12.77566804, -12.75757841]), 'fs_0 - beta_z_offset(p=7,n=3)': array([[ 1.16480395e-06, -2.72873134e-08,  8.71351962e-07,
         7.34797418e-08, -1.45684210e-07,  7.46956127e-08],
       [ 3.71928242e-06,  5.03231220e-07, -2.74123090e-07,
         1.49145724e-08,  1.02946923e-06,  1.84037001e-07],
       [ 7.44898038e-07,  4.63678591e-07, -7.33037161e-08,
        -2.42920089e-07,  1.23053182e-07, -1.56154834e-07],
       ...,
       [-8.41120244e-08,  3.98589840e-07,  9.81819760e-07,
        -9.64483114e-08, -5.54701702e-07, -1.32709440e-07],
       [ 1.75467380e-06,  5.15006486e-07, -2.61261958e-07,
        -2.51828771e-07,  5.43182818e-07, -3.06652051e-08],
       [-2.57612100e-06,  9.89432103e-06,  7.57926493e-06,
        -1.03310004e-05, -1.82308581e-06, -2.05924052e-06]]), 'fs_1 - beta_sigma(p=365.25,n=10)_log__': array([-12.70027496, -12.70806769, -12.73883825, -12.77826638,
       -12.78375731, -12.70882939, -12.76216068, -12.79488295,
       -12.80923988, -12.76167274, -12.77315711, -12.77670891,
       -12.73133144, -12.79361336, -12.72499291, -12.7729624 ,
       -12.74791327, -12.75921169, -12.77762237, -12.77031852]), 'fs_1 - beta_z_offset(p=365.25,n=10)': array([[-5.78294540e-06, -6.90376819e-07, -9.54317572e-06, ...,
         7.17231673e-06, -2.02798391e-06,  6.60521555e-06],
       [ 1.67588827e-05,  7.21230674e-06,  1.95842543e-05, ...,
         2.25222800e-06, -8.64860741e-07,  2.36147442e-06],
       [ 5.64469986e-06,  3.07752948e-06,  6.30902111e-06, ...,
        -8.52545537e-07, -8.69444888e-07, -2.91040097e-07],
       ...,
       [-1.41459935e-05, -3.92775566e-06, -1.95044034e-05, ...,
         8.28549057e-06, -5.59146616e-06,  6.82867980e-06],
       [ 5.45827635e-06,  3.81643846e-06,  3.49548267e-06, ...,
         1.00961067e-05, -5.70990947e-06,  6.70791489e-06],
       [-5.12430265e-05,  3.58013820e-05, -1.41153690e-05, ...,
        -8.03259547e-06,  1.82754612e-05, -4.63854078e-06]]), 'sigma_log__': array(-3.11282969), 'lt_0 - slope_sigma': array(0.00052372), 'fs_0 - beta_sigma(p=7,n=3)': array([2.78887360e-06, 2.79815419e-06, 2.78343426e-06, 2.79545553e-06,
       2.82877149e-06, 2.88040856e-06]), 'fs_1 - beta_sigma(p=365.25,n=10)': array([3.05028674e-06, 3.02660905e-06, 2.93489686e-06, 2.82143093e-06,
       2.80598109e-06, 3.02430456e-06, 2.86723997e-06, 2.77493580e-06,
       2.73538084e-06, 2.86863932e-06, 2.83588326e-06, 2.82582865e-06,
       2.95701146e-06, 2.77846107e-06, 2.97581411e-06, 2.83643550e-06,
       2.90838309e-06, 2.87570789e-06, 2.82324854e-06, 2.84394462e-06]), 'sigma': array(0.04447493), 'prior_lt_0 - slope': array(0.82784722), 'prior_lt_0 - intercept': array(-0.03802906), 'prior_lt_0 - delta': array([-1.37640056e-01, -1.18838735e-01, -8.23464676e-02, -4.18417866e-02,
        3.68869648e-04,  4.57696756e-02,  8.64286024e-02,  1.36861118e-01,
        1.68908412e-01,  1.98096702e-01,  2.05844711e-01,  1.82563553e-01,
        9.91322163e-02, -7.45331811e-02, -2.65496755e-01, -3.52967700e-01,
       -3.13683981e-01, -2.43946681e-01, -2.42011687e-01, -1.71352405e-01,
        2.96410677e-01,  1.04654338e+00,  1.75144448e+00,  1.67946799e+00,
       -1.01102283e-02]), 'prior_fs_0 - beta(p=7,n=3)': array([ 1.46275816e-03, -6.17277261e-04, -5.65166637e-04,  7.44857421e-04,
        2.99750829e-04, -2.12894044e-05]), 'prior_fs_1 - beta(p=365.25,n=10)': array([ 0.00885051, -0.00356503, -0.00385523,  0.00696038, -0.00193974,
        0.00595585, -0.00180459,  0.00135671, -0.00105003, -0.00306742,
        0.00082656, -0.00051685,  0.00050704,  0.00122603,  0.00086532,
        0.00205   , -0.00032275,  0.00350149, -0.00101949,  0.00058347]), 'prior_sigma': array(0.0857434), 'lt_0 - slope_shared': array(0.82784722), 'lt_0 - slope': array([0.82784725, 0.82784724, 0.82784725, 0.82784725, 0.82784725,
       0.82784726, 0.82784725, 0.82784725, 0.82784725, 0.82784725,
       0.82784726, 0.82784725, 0.82784725, 0.82784725, 0.82784725,
       0.82784725, 0.82784725, 0.82784726, 0.82784726, 0.82784725,
       0.82784725, 0.82784724, 0.82784722, 0.82784725, 0.82784726,
       0.82784725, 0.82784725, 0.82784724, 0.82784725, 0.82784725,
       0.82784725, 0.82784725, 0.82784724, 0.8278472 , 0.82784725,
       0.82784726, 0.82784726, 0.82784722, 0.82784725, 0.82784725,
       0.82784725, 0.82784724, 0.82784725, 0.82784725, 0.82784725,
       0.82784725, 0.82784725, 0.82784725, 0.82784725, 0.82784725,
       0.82784725, 0.82784726, 0.82784725, 0.82784725, 0.82784725,
       0.82784725, 0.82784726, 0.82784725, 0.82784724, 0.82784723,
       0.82784726, 0.82784725, 0.82784725, 0.82784724, 0.82784725,
       0.82784724, 0.82784725, 0.82784726, 0.82784726, 0.82784723,
       0.82784726, 0.82784725, 0.82784725, 0.82784724, 0.82784725,
       0.82784725, 0.82784725, 0.82784725, 0.82784724, 0.82784725,
       0.82784725, 0.82784725, 0.82784725, 0.82784725, 0.82784725,
       0.82784726, 0.82784725, 0.82784724, 0.82784725, 0.82784725,
       0.82784725, 0.82784725, 0.82784724, 0.82784725, 0.82784724,
       0.82784726, 0.82784725, 0.82784724, 0.82784726, 0.82784725,
       0.82784725, 0.82784724, 0.82784725, 0.82784725, 0.82784725,
       0.82784725, 0.82784725, 0.82784724, 0.82784725, 0.82784724,
       0.82784723, 0.82784726, 0.82784725, 0.82784725, 0.82784725,
       0.82784725, 0.82784725, 0.82784726, 0.82784724, 0.82784725,
       0.82784723, 0.82784725, 0.82784725, 0.82784725, 0.82784725,
       0.82784725, 0.82784723, 0.82784725, 0.82784724, 0.82784724,
       0.82784725, 0.82784724, 0.82784725, 0.82784725, 0.82784725,
       0.82784725, 0.82784723, 0.82784725, 0.82784723, 0.82784725,
       0.82784724, 0.82784725, 0.82784724, 0.82784725, 0.82784725,
       0.82784725, 0.82784725, 0.82784725, 0.82784725, 0.82784725,
       0.82784724, 0.82784725, 0.82784723, 0.82784725, 0.8278472 ,
       0.82784725, 0.82784725, 0.82784725, 0.82784726, 0.82784725,
       0.82784723, 0.82784725, 0.82784725, 0.82784721, 0.82784724,
       0.82784725, 0.82784725, 0.82784723, 0.82784725, 0.82784725,
       0.82784725, 0.82784724, 0.82784725, 0.82784725, 0.82784725,
       0.82784725, 0.82784724, 0.82784725, 0.82784725, 0.8278472 ,
       0.82784725, 0.82784725, 0.82784725, 0.82784725, 0.82784725,
       0.82784723, 0.82784726, 0.82784725, 0.82784726, 0.82784724,
       0.82784726, 0.82784725, 0.82784725, 0.82784725, 0.82784726,
       0.82784725, 0.82784725, 0.82784726, 0.82784725, 0.82784724,
       0.82784725, 0.82784725, 0.82784725, 0.82784724, 0.82784725,
       0.82784725, 0.82784726, 0.82784725, 0.82784725, 0.82784725,
       0.82784725, 0.82784726, 0.82784726, 0.82784726, 0.82784725,
       0.82784723, 0.82784725, 0.82784725, 0.82784725, 0.82784726,
       0.82784725, 0.82784725, 0.82784725, 0.82784725, 0.82784725,
       0.82784724, 0.82784725, 0.82784726, 0.82784725, 0.82784724,
       0.82784725, 0.82784724, 0.82784725, 0.82784725, 0.82784725,
       0.82784725, 0.82784724, 0.82784725, 0.82784725, 0.82784725,
       0.82784725, 0.82784726, 0.82784725, 0.82784725, 0.82784725,
       0.82784725, 0.82784725, 0.82784724, 0.82784724, 0.82784723,
       0.82784725, 0.82784725, 0.82784724, 0.82784726, 0.82784725,
       0.82784725, 0.82784725, 0.82784725, 0.82784725, 0.82784725,
       0.82784725, 0.82784725, 0.82784725, 0.82784723, 0.82784724,
       0.82784725, 0.82784725, 0.82784723, 0.82784726, 0.82784725,
       0.82784725, 0.82784724, 0.82784725, 0.82784724, 0.82784725,
       0.82784725, 0.82784724, 0.82784725, 0.82784725, 0.82784725,
       0.82784725, 0.82784724, 0.82784725, 0.82784725, 0.82784725,
       0.82784722, 0.82784721, 0.82784725, 0.82784726, 0.82784725,
       0.82784723, 0.82784725, 0.82784722, 0.82784724, 0.82784725,
       0.82784725, 0.82784724, 0.82784725, 0.82784725, 0.82784725,
       0.82784726, 0.82784726, 0.82784724, 0.82784725, 0.82784721,
       0.82784726, 0.82784725, 0.82784725, 0.82784725, 0.82784723,
       0.82784726, 0.82784725, 0.82784725, 0.82784726, 0.82784725,
       0.82784725, 0.82784726, 0.82784726, 0.82784725, 0.82784725,
       0.82784725, 0.82784725, 0.82784725, 0.82784725, 0.82784725,
       0.82784724, 0.82784725, 0.82784725, 0.82784725, 0.82784725,
       0.82784725, 0.82784725, 0.82784723, 0.82784725, 0.82784722,
       0.82784725, 0.82784725, 0.82784725, 0.82784725, 0.82784724,
       0.82784726, 0.82784725, 0.82784725, 0.82784723, 0.82784725,
       0.82784726, 0.82784725, 0.82784725, 0.82784726, 0.82784725,
       0.82784725, 0.82784724, 0.82784725, 0.82784725, 0.82784725,
       0.82784725, 0.82784723, 0.82784725, 0.82784726, 0.82784726,
       0.82784725, 0.82784724, 0.82784725, 0.82784725, 0.82784726,
       0.82784725, 0.82784725, 0.82784724, 0.82784726, 0.82784723,
       0.82784725, 0.82784725, 0.82784726, 0.82784725, 0.82784725,
       0.82784725, 0.82784725, 0.82784726, 0.82784725, 0.82784725,
       0.82784725, 0.82784725, 0.82784725, 0.82784726, 0.82784724,
       0.82784725, 0.82784725, 0.82784726, 0.82784725, 0.82784722,
       0.82784725, 0.82784726, 0.82784725, 0.82784725, 0.82784725,
       0.82784725, 0.82784725, 0.82784723, 0.82784724, 0.82784725,
       0.82784725, 0.82784724, 0.82784725, 0.82784725, 0.82784725,
       0.82784722, 0.82784725, 0.82784725, 0.82784726, 0.82784725,
       0.82784725, 0.82784725, 0.82784726, 0.82784725, 0.82784725,
       0.82784724, 0.82784725, 0.82784725, 0.82784725, 0.82784726,
       0.82784725, 0.82784725, 0.82784724, 0.82784724, 0.82784725,
       0.82784725, 0.82784725, 0.82784722, 0.82784725, 0.82784725,
       0.82784725, 0.82784725, 0.82784726, 0.82784722, 0.82784725,
       0.82784725, 0.82784725, 0.82784725, 0.82784725, 0.82784725,
       0.82784725, 0.82784724, 0.82784724, 0.82784725, 0.82785245]), 'fs_0 - beta_shared': array([ 1.46275816e-03, -6.17277261e-04, -5.65166637e-04,  7.44857421e-04,
        2.99750829e-04, -2.12894044e-05]), 'fs_0 - beta(p=7,n=3)': array([[ 1.46275816e-03, -6.17277262e-04, -5.65166634e-04,
         7.44857421e-04,  2.99750828e-04, -2.12894042e-05],
       [ 1.46275817e-03, -6.17277260e-04, -5.65166638e-04,
         7.44857421e-04,  2.99750831e-04, -2.12894039e-05],
       [ 1.46275816e-03, -6.17277260e-04, -5.65166637e-04,
         7.44857420e-04,  2.99750829e-04, -2.12894048e-05],
       ...,
       [ 1.46275816e-03, -6.17277260e-04, -5.65166634e-04,
         7.44857421e-04,  2.99750827e-04, -2.12894048e-05],
       [ 1.46275817e-03, -6.17277260e-04, -5.65166638e-04,
         7.44857420e-04,  2.99750830e-04, -2.12894045e-05],
       [ 1.46275815e-03, -6.17277234e-04, -5.65166616e-04,
         7.44857392e-04,  2.99750823e-04, -2.12894103e-05]]), 'fs_1 - beta_shared': array([ 0.00885051, -0.00356503, -0.00385523,  0.00696038, -0.00193974,
        0.00595585, -0.00180459,  0.00135671, -0.00105003, -0.00306742,
        0.00082656, -0.00051685,  0.00050704,  0.00122603,  0.00086532,
        0.00205   , -0.00032275,  0.00350149, -0.00101949,  0.00058347]), 'fs_1 - beta(p=365.25,n=10)': array([[ 0.00885051, -0.00356503, -0.00385523, ...,  0.00350149,
        -0.00101949,  0.00058347],
       [ 0.00885051, -0.00356503, -0.00385523, ...,  0.00350149,
        -0.00101949,  0.00058347],
       [ 0.00885051, -0.00356503, -0.00385523, ...,  0.00350149,
        -0.00101949,  0.00058347],
       ...,
       [ 0.00885051, -0.00356503, -0.00385523, ...,  0.00350149,
        -0.00101949,  0.00058347],
       [ 0.00885051, -0.00356503, -0.00385523, ...,  0.00350149,
        -0.00101949,  0.00058347],
       [ 0.00885051, -0.00356503, -0.00385523, ...,  0.00350149,
        -0.00101949,  0.00058347]])}"
