,0
0,"{'lt_0 - slope': array([0.42862353, 0.47480861, 0.51152941, 0.40321705, 0.44248531,
       0.44342838, 0.4843403 , 0.46884943, 0.39026062, 0.38609758,
       0.44345462, 0.43671531, 0.51236217, 0.49622645, 0.39918873,
       0.45196981, 0.46858242, 0.51771309, 0.41998217, 0.4827703 ,
       0.38362488, 0.41291311, 0.49074367, 0.4178093 , 0.47847653,
       0.38770708, 0.43511399, 0.3628263 , 0.46995184, 0.46218001,
       0.41597006, 0.47701071, 0.47943289, 0.42698146, 0.48473957,
       0.43369923, 0.43252377, 0.38398628, 0.47315026, 0.42772021,
       0.38539341, 0.46610803, 0.51964019, 0.49968419, 0.40185188,
       0.45974468, 0.51855732, 0.46117836, 0.52263335, 0.4479025 ,
       0.44789758, 0.48249443, 0.45571592, 0.47658254, 0.39491252,
       0.39207516, 0.44612949, 0.44464644, 0.49492679, 0.39796302,
       0.39977207, 0.40819085, 0.48287715, 0.44137127, 0.38053877,
       0.42600835, 0.44177891, 0.49864052, 0.43419852, 0.39268507,
       0.48063758, 0.53850797, 0.43330953, 0.49659455, 0.49782582,
       0.49453254, 0.50292529, 0.39763841, 0.42641442, 0.41592555,
       0.51747064, 0.52543058, 0.5184999 , 0.40554927, 0.50824906,
       0.46293676, 0.52044579, 0.39436148, 0.43767276, 0.47465659,
       0.50329971, 0.40646899, 0.50403035, 0.39510935, 0.45868848,
       0.40930368, 0.43125891, 0.38495348, 0.50359683, 0.51562086,
       0.48350437, 0.45026219, 0.44521345, 0.38731513, 0.49069634,
       0.48127295, 0.4833298 , 0.47406657, 0.3907596 , 0.5072031 ,
       0.49915943, 0.40067397, 0.4310816 , 0.41717617, 0.45816922,
       0.4458266 , 0.50546472, 0.50461987, 0.42255835, 0.44806828,
       0.43367708, 0.38535615, 0.44580943, 0.49000113, 0.50722915,
       0.47830014, 0.4418673 , 0.36910885, 0.43675788, 0.47626593,
       0.48284491, 0.50357546, 0.45830745, 0.52879126, 0.49132923,
       0.50747785, 0.43173277, 0.41104371, 0.37768153, 0.3957177 ,
       0.52214096, 0.48368043, 0.5010019 , 0.4913416 , 0.38090242,
       0.43845189, 0.37469298, 0.50526707, 0.46592788, 0.44251907,
       0.50948319, 0.48299751, 0.51617706, 0.4361484 , 0.3940489 ,
       0.41604241, 0.95277138, 0.39048043, 0.47520927, 0.51315614,
       0.44776725, 0.38708079, 0.38684553, 0.48689097, 0.3794085 ,
       0.47096488, 0.49621048, 0.42262668, 0.42469662, 0.51237271,
       0.49225566, 0.38172827, 0.38425291, 0.48073265, 0.48024759,
       0.42333191, 0.51314643, 0.38917009, 0.40487626, 0.42145879,
       0.40065789, 0.48465231, 0.46132414, 0.41776459, 0.47970203,
       0.50717178, 0.38929172, 0.51637949, 0.47567784, 0.39617397,
       0.49775456, 0.4667846 , 0.38553439, 0.53657699, 0.46239639,
       0.40898759, 0.49933681, 0.38889012, 0.39880809, 0.4820446 ,
       0.48776207, 0.40830837, 0.48340813, 0.40063537, 0.47773023,
       0.40983456, 0.43768427, 0.39974637, 0.47535276, 0.44787048,
       0.50337262, 0.40175219, 0.49726855, 0.48385471, 0.4175884 ,
       0.41941573, 0.45554386, 0.40538079, 0.41711162, 0.51551828,
       0.46462123, 0.46511964, 0.44665514, 0.53937481, 0.41379298,
       0.45571036, 0.4882354 , 0.39069678, 0.49112801, 0.38920941,
       0.38417422, 0.47841657, 0.46326172, 0.42597411, 0.48489539,
       0.42353686, 0.49274146, 0.48005053, 0.47617607, 0.39081535,
       0.50235693, 0.46161324, 0.53333578, 0.40512882, 0.474254  ,
       0.48495152, 0.39342188, 0.39067576, 0.499283  , 0.43440785,
       0.39215098, 0.39043175, 0.48082831, 0.52093264, 0.42388528,
       0.49648472, 0.50178284, 0.38446721, 0.4042606 , 0.45418011,
       0.50114882, 0.46407069, 0.42324979, 0.48576556, 0.46962099,
       0.51274217, 0.50357269, 0.48462026, 0.49936268, 0.43939862,
       0.41093879, 0.48613469, 0.53252558, 0.41311128, 0.42961761,
       0.44605273, 0.41943986, 0.46575153, 0.46245604, 0.50780698,
       0.45959646, 0.41116429, 0.34731197, 0.49707874, 0.49741639,
       0.48778034, 0.36621655, 0.44606927, 0.42057161, 0.51302279,
       0.50606178, 0.39194708, 0.43519976, 0.38702472, 0.38506172,
       0.41959023, 0.44083978, 0.42046302, 0.47745052, 0.53821534,
       0.50596718, 0.45710159, 0.44317714, 0.49339253, 0.46503579,
       0.41125051, 0.45702147, 0.38280891, 0.51343549, 0.4059044 ,
       0.46332258, 0.45995858, 0.42949106, 0.48385959, 0.48626419,
       0.4641955 , 0.45839924, 0.41045151, 0.52584509, 0.40806552,
       0.49129256, 0.48724478, 0.47220293, 0.48302092, 0.44782393,
       0.39813885, 0.51235319, 0.49992997, 0.40209856, 0.49859397,
       0.47805961, 0.43273316, 0.52902305, 0.47834455, 0.50670666,
       0.39454866, 0.40073929, 0.36430499, 0.51534703, 0.48091727,
       0.48296487, 0.43584754, 0.44352006, 0.42116343, 0.39185827,
       0.41462621, 0.39895045, 0.51211321, 0.426184  , 0.47261297,
       0.51136993, 0.38850201, 0.48552586, 0.49381222, 0.44162608,
       0.49285705, 0.439048  , 0.50165196, 0.39411108, 0.44207659,
       0.49113435, 0.45432958, 0.50727022, 0.50822234, 0.43752477,
       0.44794474, 0.49327668, 0.43521669, 0.45699048, 0.52593859,
       0.45256994, 0.39129287, 0.4748324 , 0.5076452 , 0.51009366,
       0.45737735, 0.4588133 , 0.49149235, 0.41793068, 0.39143277,
       0.39140262, 0.4274299 , 0.47069272, 0.44693341, 0.51340019,
       0.45956513, 0.49717031, 0.38898183, 0.42436854, 0.50008095,
       0.46102154, 0.43182819, 0.47971631, 0.40400858, 0.48971221,
       0.4056466 , 0.40908909, 0.5215666 , 0.49792613, 0.51407865,
       0.47937108, 0.50086364, 0.49573836, 0.46186   , 0.43360419,
       0.40345765, 0.48730064, 0.37411382, 0.45880992, 0.50370547,
       0.51323028, 0.46195713, 0.5044669 , 0.42512416, 0.48957688,
       0.53073898, 0.48477902, 0.42237685, 0.38401939, 0.48162072,
       0.46730383, 0.43218219, 0.48726606, 0.41303912, 0.51444088,
       0.46394263, 0.45223869, 0.43132205, 0.52640755, 0.41987614,
       0.43202916, 0.50679456, 0.47481214, 0.41360133, 0.40231958,
       0.41157194, 0.50911588, 0.40444425, 0.4922296 , 0.44432845,
       0.39106548, 0.40836551, 0.40745227, 0.40040911, 0.41123417,
       0.41033298]), 'lt_0 - intercept': array([0.52413992, 0.46219738, 0.39451622, 0.51779052, 0.50864917,
       0.50860793, 0.46472963, 0.467715  , 0.50642372, 0.53167776,
       0.51352715, 0.5082605 , 0.40574052, 0.4437628 , 0.52734414,
       0.50277583, 0.49924108, 0.3959003 , 0.53458716, 0.47168989,
       0.47365974, 0.51932975, 0.40307962, 0.51874271, 0.47623964,
       0.49885042, 0.54162117, 0.42176058, 0.48072623, 0.44270932,
       0.534439  , 0.46889924, 0.40011382, 0.50127853, 0.46630687,
       0.5271593 , 0.51214533, 0.46761743, 0.47892917, 0.5281037 ,
       0.51153831, 0.49205098, 0.42092157, 0.4381077 , 0.50337299,
       0.49964716, 0.42477286, 0.50183593, 0.41456173, 0.50859361,
       0.49694421, 0.43313126, 0.44372879, 0.46253962, 0.50732274,
       0.46100498, 0.5257513 , 0.49681278, 0.39961731, 0.49938311,
       0.53446662, 0.51786563, 0.44284611, 0.51621409, 0.47047963,
       0.53142075, 0.49190199, 0.45632231, 0.51494147, 0.5272499 ,
       0.46991301, 0.41399014, 0.51814518, 0.46350581, 0.44759958,
       0.43940325, 0.42037382, 0.51480656, 0.5064773 , 0.52450196,
       0.42848967, 0.41198322, 0.42455521, 0.48535658, 0.43232332,
       0.49741105, 0.40707362, 0.51910385, 0.49497036, 0.49281485,
       0.40742721, 0.53356811, 0.42865578, 0.48586565, 0.49165415,
       0.50810692, 0.53002733, 0.47360748, 0.46488269, 0.44302276,
       0.49435233, 0.50033851, 0.51388715, 0.49877131, 0.47621112,
       0.4294949 , 0.4452053 , 0.46762925, 0.49350968, 0.41470687,
       0.41837573, 0.5072242 , 0.5147044 , 0.53555912, 0.50676419,
       0.51551778, 0.3949852 , 0.44832523, 0.4965929 , 0.50914785,
       0.51644722, 0.51708145, 0.4960842 , 0.45524342, 0.42042269,
       0.46781269, 0.51962199, 0.44443852, 0.5208544 , 0.39227001,
       0.44724005, 0.43563097, 0.50557917, 0.39220422, 0.45795286,
       0.44180289, 0.51977299, 0.51197393, 0.50146322, 0.50188066,
       0.41981815, 0.46370946, 0.42736898, 0.46072839, 0.49428291,
       0.51903679, 0.38218798, 0.41186072, 0.46210857, 0.50612559,
       0.44649797, 0.40739088, 0.39497349, 0.51251468, 0.47974203,
       0.53337406, 1.0150031 , 0.52061487, 0.4561954 , 0.40256127,
       0.51559139, 0.51309714, 0.49314709, 0.47690533, 0.45963052,
       0.42575032, 0.45888745, 0.52909346, 0.51402461, 0.44726129,
       0.45808549, 0.51387387, 0.49710788, 0.41395103, 0.41286122,
       0.5323294 , 0.41730312, 0.50734699, 0.53469952, 0.52472617,
       0.49437735, 0.45107993, 0.50350494, 0.51314185, 0.46545342,
       0.42996661, 0.49374001, 0.40783295, 0.48775351, 0.53381688,
       0.42193779, 0.50153658, 0.52935218, 0.40419189, 0.50659742,
       0.51315811, 0.4817182 , 0.49562896, 0.53081701, 0.47300538,
       0.39709633, 0.54463584, 0.46942384, 0.49000545, 0.43276633,
       0.51291884, 0.50125208, 0.52529527, 0.46873846, 0.47131103,
       0.43695498, 0.53292441, 0.42199804, 0.47087435, 0.53998812,
       0.52676998, 0.48863688, 0.53340313, 0.52485789, 0.43564748,
       0.50922051, 0.48638314, 0.5130798 , 0.4056537 , 0.53554415,
       0.48687858, 0.44709977, 0.52615101, 0.45288779, 0.499398  ,
       0.50999223, 0.48296934, 0.48287457, 0.52260418, 0.44303208,
       0.5223294 , 0.43534736, 0.47376447, 0.4767197 , 0.54400799,
       0.46078182, 0.48898231, 0.4112426 , 0.5207423 , 0.46884106,
       0.45044258, 0.53047756, 0.50522793, 0.3907777 , 0.48927107,
       0.50051112, 0.52724621, 0.48463928, 0.40267483, 0.52742606,
       0.39865154, 0.4658884 , 0.50210069, 0.52708556, 0.5081873 ,
       0.40127486, 0.49421173, 0.52674763, 0.42859147, 0.41139811,
       0.42810957, 0.44565046, 0.44554239, 0.40106682, 0.52466462,
       0.53859895, 0.42080001, 0.40906234, 0.52273258, 0.46460848,
       0.51611485, 0.52446775, 0.46433619, 0.49006418, 0.38890591,
       0.49477994, 0.53838861, 0.40565159, 0.433424  , 0.44711215,
       0.44892785, 0.43437593, 0.39972616, 0.49451273, 0.43715899,
       0.44584942, 0.49757466, 0.50913395, 0.48194726, 0.53098492,
       0.50428946, 0.52656297, 0.50444943, 0.42425449, 0.38877698,
       0.44775257, 0.48689102, 0.49972827, 0.45931184, 0.47542858,
       0.51056224, 0.51048536, 0.51180493, 0.41983389, 0.51803276,
       0.43143752, 0.51099475, 0.53514186, 0.46105179, 0.47376889,
       0.48441332, 0.46037889, 0.53389891, 0.42288316, 0.53263189,
       0.44016368, 0.44066353, 0.46367176, 0.47697369, 0.5179542 ,
       0.49408113, 0.41383387, 0.47867025, 0.51725728, 0.43198489,
       0.47625612, 0.52166085, 0.39460675, 0.47730676, 0.46633958,
       0.48975189, 0.52564912, 0.42964209, 0.40540383, 0.48170987,
       0.43006241, 0.51847358, 0.51463021, 0.53081185, 0.51106177,
       0.52912547, 0.54296397, 0.42077742, 0.53221201, 0.44150128,
       0.43472865, 0.49768653, 0.44744291, 0.44206608, 0.49204667,
       0.45264436, 0.51900104, 0.44221449, 0.51878603, 0.52238631,
       0.46044802, 0.5027904 , 0.4289402 , 0.42738209, 0.5160764 ,
       0.50334751, 0.46424524, 0.52081374, 0.47422919, 0.41580536,
       0.52327933, 0.48271204, 0.46280005, 0.44026054, 0.40762342,
       0.50726047, 0.50527761, 0.4572442 , 0.52312805, 0.51784205,
       0.51496838, 0.53542521, 0.49133509, 0.5093578 , 0.39739509,
       0.4806619 , 0.44570488, 0.51188504, 0.53732841, 0.45083974,
       0.49826041, 0.48823154, 0.47250283, 0.50550888, 0.43294627,
       0.51347473, 0.52339028, 0.4265147 , 0.41072442, 0.43095118,
       0.45481795, 0.45324119, 0.44295818, 0.49839493, 0.52533641,
       0.52628983, 0.47587368, 0.44454162, 0.50272608, 0.43415251,
       0.43456243, 0.44070611, 0.42257371, 0.52787397, 0.46629584,
       0.40488911, 0.4382016 , 0.47256544, 0.45747435, 0.49636242,
       0.48592915, 0.51794885, 0.44756086, 0.47455831, 0.41409051,
       0.49914371, 0.515793  , 0.5027048 , 0.41362311, 0.46094673,
       0.53241744, 0.4349183 , 0.47843774, 0.49756694, 0.53534575,
       0.47718787, 0.42546103, 0.53519004, 0.44200336, 0.50264388,
       0.54565454, 0.5375218 , 0.53288418, 0.47298523, 0.52884475,
       0.50366298]), 'fs_0 - beta(p=7,n=3)': array([[ 1.28044132e-04,  1.79895033e-03, -3.06445631e-04,
         5.49485790e-04,  5.83674676e-05,  5.76491613e-04],
       [-4.39314277e-04,  1.08583592e-03, -6.76192558e-05,
        -1.46123189e-05,  3.53828317e-04,  6.61799922e-04],
       [ 9.32682467e-04,  3.99061374e-04,  5.78786998e-04,
         1.10530352e-05,  3.83408477e-04,  5.00945027e-04],
       ...,
       [ 2.14357635e-04,  2.46772234e-04, -8.23818218e-05,
         1.14792247e-04, -8.79507726e-05, -9.54932131e-05],
       [ 1.41213398e-05,  1.70113070e-03, -4.67312962e-04,
         3.39804759e-04, -3.00843737e-05,  2.10044600e-04],
       [ 7.25510087e-04,  2.37433487e-03, -6.50496405e-05,
         6.19604740e-04,  2.45465723e-04,  8.42424091e-04]]), 'fs_1 - beta(p=365.25,n=10)': array([[ 1.14916031e-02, -1.93139621e-03, -5.81057392e-03, ...,
        -2.97471719e-03,  4.05735830e-03,  2.24441992e-03],
       [ 8.63374433e-03,  1.05478468e-03, -1.68608355e-03, ...,
        -2.31350582e-03,  3.41730318e-03,  1.77166528e-03],
       [ 1.37593432e-03,  2.61993741e-03,  4.05912218e-03, ...,
        -1.64574988e-03,  2.95963789e-03,  5.73426827e-04],
       ...,
       [ 9.33977487e-03, -4.65823002e-04, -4.13117947e-03, ...,
         9.16399253e-05,  1.46844645e-03, -1.90067855e-04],
       [ 1.22372860e-02, -1.79717522e-03, -7.63456043e-03, ...,
        -1.88107655e-03,  1.63658124e-03,  1.06876094e-03],
       [ 1.09019448e-02, -1.39829597e-03, -6.09591343e-03, ...,
        -8.68928163e-04,  5.98076213e-05, -6.98237347e-04]]), 'sigma_log__': array([-4.09167727, -3.55212893, -3.71480986, -3.27447965, -3.78926377,
       -3.86128057, -4.31592524, -3.94513655, -2.96181092, -3.89019958,
       -3.96921206, -3.39903282, -4.28500038, -4.48819819, -3.54231141,
       -4.15265344, -4.13279147, -3.51136051, -4.20324103, -3.9996943 ,
       -2.59737192, -3.59767547, -2.68461614, -3.42123747, -4.26990008,
       -2.70609839, -4.2196478 , -2.23093604, -4.27130029, -3.63187811,
       -3.76782124, -4.12694818, -2.67498681, -3.4134396 , -4.37989448,
       -4.15101633, -3.42952234, -2.46519941, -3.78927118, -4.19434328,
       -3.11891258, -4.4146118 , -4.54802886, -4.55082281, -3.09030998,
       -4.05253122, -4.66511465, -4.03184486, -4.18202281, -3.82494947,
       -3.70184153, -3.88337849, -3.25986234, -4.51556543, -2.72980225,
       -2.28134517, -4.40876783, -3.92161756, -3.45114847, -2.99620409,
       -3.44369401, -3.64759015, -4.06990627, -4.03450427, -2.4442247 ,
       -4.17322022, -3.74324423, -3.49742969, -4.12454679, -3.41871197,
       -4.59947699, -4.07262482, -3.37954415, -4.56748451, -3.89214131,
       -3.76127126, -3.137935  , -2.98303564, -3.43287046, -3.53375308,
       -4.5514601 , -3.86530711, -4.14253241, -3.22188733, -4.24000588,
       -4.43252756, -4.32776449, -3.02286225, -3.92303326, -4.22228564,
       -2.63334821, -4.18133128, -4.37597853, -2.71939721, -4.32597969,
       -3.08366953, -3.69554704, -2.46125275, -4.21777199, -4.5606716 ,
       -4.50793948, -4.05456601, -3.91359979, -2.74429913, -4.41737285,
       -3.21616417, -3.84889108, -4.12306827, -2.66308163, -4.35629604,
       -3.25651493, -2.75648722, -3.19114138, -4.04099942, -4.47334204,
       -4.42748412, -3.26167361, -4.54546393, -3.26641794, -4.44307338,
       -3.56595386, -3.07991114, -4.09589669, -4.28087824, -4.41913755,
       -4.43515564, -4.70618153, -2.18571989, -4.09844348, -2.73019106,
       -3.2168434 , -3.67771154, -4.2173665 , -4.09860118, -4.3967595 ,
       -4.52860001, -3.98223767, -3.65449487, -2.88696076, -2.99349656,
       -4.13919009, -4.21379625, -4.39250639, -4.5751698 , -2.77879557,
       -4.18561772, -2.16549346, -4.09890205, -3.63468688, -3.90339161,
       -4.31348916, -3.3416577 , -3.54010461, -3.88717804, -2.92770416,
       -4.36922595,  0.58363101, -3.42718967, -3.81495733, -3.67905346,
       -4.12240746, -2.95122323, -2.70271606, -4.47832409, -2.49344438,
       -3.10121791, -4.24987423, -3.89193602, -3.4328268 , -4.38134712,
       -4.36583847, -3.04054542, -2.9629464 , -2.64041757, -2.6045279 ,
       -4.41621892, -3.91458752, -2.93535786, -3.78946969, -4.44363515,
       -3.0188087 , -3.72278804, -4.20422399, -3.10622323, -3.44557604,
       -4.20231889, -2.7688902 , -3.51869531, -4.01397781, -3.59610672,
       -3.75929935, -4.17972324, -3.76323271, -4.50550348, -4.38550834,
       -3.40225078, -4.4992654 , -3.77394677, -3.85313355, -4.51763094,
       -2.83974584, -4.35649414, -4.51399497, -3.52786843, -3.25259259,
       -3.73241222, -2.75135392, -3.57124549, -4.15515995, -3.1666329 ,
       -4.19661565, -3.88517151, -3.87866771, -4.38369007, -4.18012454,
       -3.44761538, -3.73430651, -3.77860229, -4.18674793, -4.47546708,
       -4.57676181, -4.31274848, -3.96595816, -4.42059004, -3.95046589,
       -4.24729788, -4.20656462, -3.47974416, -4.5445362 , -2.78919672,
       -3.21195547, -4.47765711, -3.62977414, -4.55981747, -3.79758693,
       -3.88470743, -3.75741622, -4.64222191, -4.20281437, -3.77482632,
       -4.40127822, -4.52531198, -4.05552627, -2.98695758, -4.30815869,
       -4.34429908, -3.54429971, -3.08208736, -3.25157998, -3.08504117,
       -2.69207696, -3.45493749, -4.09435311, -4.2846743 , -4.06693512,
       -3.1290085 , -4.46571914, -3.33766752, -3.17653699, -4.21934445,
       -3.86618795, -3.96562664, -3.52135677, -3.2050731 , -2.86812474,
       -4.29478158, -4.29548025, -3.55867507, -3.05554861, -4.40876315,
       -4.38895374, -3.3331685 , -3.7472897 , -3.68828129, -2.96646392,
       -4.00632656, -3.26755586, -4.22489227, -4.04676447, -3.36999103,
       -4.19441245, -3.74697682, -2.09661606, -3.91209951, -4.13127538,
       -4.32647004, -2.03297283, -2.54646969, -3.91880902, -4.04616179,
       -3.97137091, -2.72272315, -3.68258768, -2.72861291, -3.51517909,
       -4.40070834, -3.87838332, -3.93881078, -3.07144895, -3.69050977,
       -4.19858428, -3.73886789, -3.51766248, -4.61696184, -4.08968961,
       -3.44266886, -4.19343769, -3.62589369, -4.21265833, -3.65065489,
       -3.06219969, -4.26520433, -4.14986259, -4.3430539 , -4.36131937,
       -4.19314156, -3.731544  , -3.9288579 , -4.05276193, -4.18002444,
       -3.91770293, -3.80006805, -4.2693541 , -4.71851452, -4.21440641,
       -3.27387865, -4.30167815, -4.33288766, -2.81886796, -4.40500722,
       -4.24871161, -3.73718604, -3.98446913, -3.73701643, -4.45201177,
       -2.60884254, -3.40661851, -1.65825847, -3.17578532, -4.3467979 ,
       -3.40372699, -3.80643797, -3.7559724 , -3.49222948, -2.7862412 ,
       -4.21068996, -3.74060368, -4.01461207, -4.02538202, -3.72244069,
       -4.72849883, -2.75984013, -4.25516024, -3.76689392, -3.51759738,
       -4.08932421, -3.94636363, -4.2044923 , -3.48781928, -4.27207217,
       -4.42730844, -4.12253262, -4.6415361 , -4.54375138, -4.02837823,
       -4.26486849, -4.17430927, -3.8335016 , -3.63066495, -4.02026601,
       -4.45302073, -2.64416554, -4.12173309, -4.41445794, -3.74303608,
       -4.75476115, -4.10548047, -3.97356891, -4.17989471, -3.51121465,
       -3.42965151, -4.08050755, -4.44766032, -4.23469482, -4.15999785,
       -4.22332282, -3.98656509, -3.11194117, -4.25283889, -4.47274619,
       -3.8427449 , -3.24028507, -4.13201045, -2.70586108, -3.47176049,
       -3.83917407, -3.27959233, -3.4529965 , -2.84448259, -3.60324885,
       -4.20175559, -4.27463377, -3.82239613, -4.01087604, -3.98556931,
       -3.44597867, -4.42319416, -2.24697202, -4.02681922, -4.06090895,
       -4.45746635, -3.18122495, -3.48353795, -4.19260697, -4.39820112,
       -3.84372695, -3.46698079, -2.42340453, -2.18657144, -4.42530477,
       -4.04330428, -4.29512713, -3.61235717, -3.2808249 , -4.33433176,
       -4.42665766, -4.18345383, -3.82798214, -4.51543433, -2.82569755,
       -4.26277822, -4.0526907 , -4.1271448 , -3.30595996, -3.89917533,
       -2.44727386, -4.53914464, -3.64776187, -4.20075686, -4.04711356,
       -4.03064709, -3.75226229, -4.38686741, -2.31341525, -3.89369987,
       -3.9189435 ]), 'sigma': array([0.01671118, 0.02866355, 0.02436007, 0.03783655, 0.02261224,
       0.02104104, 0.01335419, 0.01934857, 0.05172516, 0.02044127,
       0.01888831, 0.03340556, 0.01377362, 0.01124088, 0.02894634,
       0.01572264, 0.01603805, 0.02985627, 0.01494705, 0.01832124,
       0.07446903, 0.02738731, 0.06824739, 0.03267198, 0.01398318,
       0.06679691, 0.01470382, 0.10742783, 0.01396361, 0.02646643,
       0.02310234, 0.01613204, 0.06890774, 0.03292775, 0.01252668,
       0.0157484 , 0.03240241, 0.08499189, 0.02261208, 0.01508064,
       0.04420521, 0.01209925, 0.01058805, 0.01055851, 0.04548785,
       0.01737833, 0.00941817, 0.01774157, 0.01526759, 0.02181954,
       0.02467804, 0.02058117, 0.03839368, 0.01093742, 0.06523219,
       0.10214671, 0.01217016, 0.01980903, 0.0317092 , 0.04997641,
       0.03194646, 0.02605384, 0.01707899, 0.01769445, 0.0867934 ,
       0.01540258, 0.02367716, 0.0302751 , 0.01617082, 0.0327546 ,
       0.01005709, 0.01703262, 0.03406298, 0.01038405, 0.02040161,
       0.02325416, 0.04337227, 0.05063888, 0.03229411, 0.02919514,
       0.01055179, 0.02095649, 0.01588258, 0.03987972, 0.01440751,
       0.01188441, 0.01319702, 0.04866174, 0.019781  , 0.01466509,
       0.07183753, 0.01527815, 0.01257583, 0.06591448, 0.01322059,
       0.04579092, 0.02483386, 0.08532799, 0.01473143, 0.01045503,
       0.01102115, 0.01734301, 0.01996849, 0.06429335, 0.01206589,
       0.04010861, 0.02130335, 0.01619475, 0.069733  , 0.01282581,
       0.03852242, 0.06351449, 0.0411249 , 0.01757989, 0.01140912,
       0.0119445 , 0.0383242 , 0.01061525, 0.03814281, 0.01175974,
       0.02827001, 0.04596334, 0.01664082, 0.01383051, 0.01204462,
       0.01185322, 0.00903923, 0.11239679, 0.01659849, 0.06520683,
       0.04008138, 0.02528076, 0.0147374 , 0.01659587, 0.01231719,
       0.01079578, 0.01864387, 0.02587456, 0.05574538, 0.05011191,
       0.01593575, 0.01479011, 0.01236969, 0.01030455, 0.06211327,
       0.01521281, 0.11469332, 0.01659088, 0.0263922 , 0.02017338,
       0.01338676, 0.03537826, 0.02901029, 0.02050312, 0.05351977,
       0.01266104, 1.79253535, 0.03247809, 0.02203865, 0.02524686,
       0.01620545, 0.05227572, 0.06702323, 0.01135242, 0.08262488,
       0.04499437, 0.01426603, 0.0204058 , 0.03229552, 0.0125085 ,
       0.012704  , 0.04780881, 0.05166646, 0.07133148, 0.07393803,
       0.01207982, 0.01994878, 0.05311171, 0.02260759, 0.01175314,
       0.04885939, 0.0241665 , 0.01493237, 0.04476972, 0.03188639,
       0.01496084, 0.06273159, 0.02963808, 0.01806141, 0.02743031,
       0.02330006, 0.01530274, 0.02320859, 0.01104803, 0.01245655,
       0.03329824, 0.01111716, 0.02296126, 0.02121316, 0.01091485,
       0.05844052, 0.01282327, 0.01095461, 0.02936745, 0.03867381,
       0.02393503, 0.06384137, 0.02812081, 0.01568328, 0.04214527,
       0.01504641, 0.0205443 , 0.02067836, 0.01247922, 0.0152966 ,
       0.03182143, 0.02388973, 0.02285461, 0.01519562, 0.0113849 ,
       0.01028816, 0.01339668, 0.01894987, 0.01202713, 0.01924573,
       0.01430283, 0.01489746, 0.03081529, 0.0106251 , 0.06147057,
       0.04027777, 0.01136   , 0.02652217, 0.01046397, 0.02242482,
       0.02055384, 0.02334398, 0.00963626, 0.01495343, 0.02294107,
       0.01226166, 0.01083133, 0.01732636, 0.05044067, 0.01345831,
       0.0129806 , 0.02888885, 0.04586342, 0.03871299, 0.04572815,
       0.0677401 , 0.03158928, 0.01666652, 0.01377811, 0.01712981,
       0.04376116, 0.01149643, 0.03551971, 0.04172992, 0.01470828,
       0.02093803, 0.01895615, 0.0295593 , 0.04055594, 0.05680535,
       0.01363955, 0.01363002, 0.02847653, 0.04709688, 0.01217022,
       0.01241371, 0.03567987, 0.02358157, 0.02501496, 0.05148504,
       0.01820013, 0.03809943, 0.01462691, 0.01747884, 0.03438995,
       0.0150796 , 0.02358895, 0.12287152, 0.01999847, 0.01606238,
       0.01321411, 0.13094566, 0.07835781, 0.01986474, 0.01748937,
       0.01884758, 0.06569561, 0.02515779, 0.06530982, 0.02974248,
       0.01226865, 0.02068424, 0.01947136, 0.04635394, 0.02495928,
       0.01501682, 0.02378101, 0.02966871, 0.00988278, 0.01674443,
       0.03197922, 0.01509431, 0.02662529, 0.01480695, 0.02597411,
       0.04678467, 0.014049  , 0.01576658, 0.01299678, 0.01276154,
       0.01509878, 0.02395582, 0.01966612, 0.01737432, 0.01529813,
       0.01988672, 0.02236925, 0.01399082, 0.00892843, 0.01478109,
       0.0378593 , 0.01354581, 0.01312958, 0.05967346, 0.01221602,
       0.01428262, 0.02382104, 0.01860232, 0.02382508, 0.0116551 ,
       0.07361971, 0.03315312, 0.1904704 , 0.0417613 , 0.01294821,
       0.03324912, 0.02222721, 0.02337771, 0.03043295, 0.06165252,
       0.01483613, 0.02373977, 0.01804996, 0.0178566 , 0.02417489,
       0.00883973, 0.06330189, 0.01419082, 0.02312378, 0.02967064,
       0.01675055, 0.01932485, 0.01492836, 0.03056746, 0.01395284,
       0.0119466 , 0.01620343, 0.00964287, 0.01063344, 0.01780318,
       0.01405372, 0.01538582, 0.02163373, 0.02649856, 0.01794819,
       0.01164334, 0.07106463, 0.01621639, 0.01210111, 0.02368209,
       0.0086106 , 0.0164821 , 0.0188062 , 0.01530012, 0.02986062,
       0.03239823, 0.01689889, 0.01170592, 0.01448423, 0.01560759,
       0.01464988, 0.01856337, 0.04451446, 0.0142238 , 0.01141592,
       0.02143468, 0.03915273, 0.01605058, 0.06681277, 0.0310623 ,
       0.02151136, 0.0376436 , 0.03165065, 0.05816435, 0.0272351 ,
       0.01496927, 0.01391714, 0.02187532, 0.01811752, 0.01858186,
       0.03187355, 0.01199585, 0.10571886, 0.01783096, 0.01723335,
       0.0115917 , 0.04153475, 0.03069861, 0.01510685, 0.01229945,
       0.02141364, 0.03121112, 0.0886194 , 0.11230112, 0.01197056,
       0.01753942, 0.01363484, 0.02698816, 0.03759723, 0.01311063,
       0.01195438, 0.01524576, 0.02175347, 0.01093885, 0.0592673 ,
       0.01408312, 0.01737556, 0.01612886, 0.036664  , 0.02025861,
       0.08652916, 0.01068254, 0.02604937, 0.01498423, 0.01747274,
       0.01776283, 0.0234646 , 0.01243964, 0.09892283, 0.02036984,
       0.01986207])}"
