,0
0,"{'lt_0 - slope': array([0.44058176, 0.47508907, 0.49565073, 0.47216483, 0.46075421,
       0.41014948, 0.47463614, 0.44213622, 0.48116157, 0.4782635 ,
       0.5129252 , 0.42041544, 0.52492913, 0.53081762, 0.46032882,
       0.51206271, 0.38914276, 0.44770593, 0.49084249, 0.47639851,
       0.4721631 , 0.48451356, 0.46229515, 0.52068339, 0.46636229,
       0.46616766, 0.45490574, 0.38099809, 0.41676931, 0.41715251,
       0.39567271, 0.46905484, 0.38897372, 0.38550936, 0.43699748,
       0.51354048, 0.46040969, 0.43025069, 0.50011727, 0.48841604,
       0.3834254 , 0.43832325, 0.52471625, 0.47351641, 0.45866285,
       0.50166951, 0.52696154, 0.39886345, 0.51374695, 0.40946629,
       0.3758191 , 0.51475647, 0.47256828, 0.4687702 , 0.48378907,
       0.38948102, 0.47239257, 0.42540893, 0.46536987, 0.47440407,
       0.47935977, 0.42949629, 0.52054199, 0.45357897, 0.38480878,
       0.44629964, 0.38163114, 0.51259396, 0.42610332, 0.47583614,
       0.50719473, 0.48418784, 0.3779185 , 0.49489359, 0.41280501,
       0.49506293, 0.4541834 , 0.45928713, 0.38578992, 0.38549596,
       0.5269086 , 0.51140033, 0.47342019, 0.45385025, 0.5141079 ,
       0.51611916, 0.48681428, 0.42205717, 0.5206974 , 0.52127859,
       0.47499209, 0.47353674, 0.52484999, 0.41441866, 0.49453227,
       0.46591994, 0.49541558, 0.39333096, 0.4443118 , 0.4994433 ,
       0.4782214 , 0.42357871, 0.48386836, 0.4796119 , 0.46124401,
       0.47969969, 0.44833024, 0.50878967, 0.48353317, 0.51806465,
       0.4531254 , 0.47365738, 0.51062756, 0.41937831, 0.47977877,
       0.47141407, 0.42050624, 0.48500478, 0.4272109 , 0.50892158,
       0.49491601, 0.48888773, 0.47539037, 0.50068887, 0.52770428,
       0.52476845, 0.48300451, 0.36990247, 0.44482961, 0.38685818,
       0.43729596, 0.40461207, 0.44263103, 0.52523341, 0.4689954 ,
       0.50144481, 0.52652727, 0.46759013, 0.47476972, 0.48515208,
       0.48853887, 0.46642625, 0.52876114, 0.42792068, 0.46724454,
       0.51416842, 0.44956997, 0.50767723, 0.51391182, 0.48028756,
       0.52214654, 0.41063558, 0.46523201, 0.46640477, 0.48793522,
       0.47357948, 0.31286299, 0.44425982, 0.49188784, 0.49643761,
       0.3897317 , 0.47457799, 0.4804073 , 0.49905363, 0.42997316,
       0.42526032, 0.478853  , 0.49158113, 0.40545427, 0.52107681,
       0.44423058, 0.50624902, 0.43155423, 0.44905221, 0.45319943,
       0.4920487 , 0.43683744, 0.48162972, 0.39140808, 0.50006093,
       0.46992324, 0.52138477, 0.40067372, 0.45940114, 0.49569134,
       0.47232581, 0.42429352, 0.49177149, 0.52282652, 0.46170888,
       0.40432198, 0.5143391 , 0.42521965, 0.44876454, 0.52398833,
       0.51804789, 0.4752346 , 0.51379388, 0.49499189, 0.47847676,
       0.42213463, 0.49859633, 0.49585521, 0.42690778, 0.38503155,
       0.33332892, 0.42203629, 0.50967326, 0.46953401, 0.42358321,
       0.47380715, 0.43985053, 0.46548598, 0.50673554, 0.43096447,
       0.49517614, 0.41958911, 0.46068545, 0.47984842, 0.50905857,
       0.52098502, 0.52357512, 0.43304203, 0.41915193, 0.51746392,
       0.39358349, 0.44057718, 0.5111591 , 0.51076296, 0.49864818,
       0.51976543, 0.45695116, 0.43645949, 0.51859868, 0.42222692,
       0.48837183, 0.39650599, 0.49029968, 0.4390866 , 0.42033114,
       0.42147194, 0.51239663, 0.46918298, 0.39475457, 0.49866622,
       0.37472765, 0.51840094, 0.4514932 , 0.46228157, 0.46188511,
       0.46452121, 0.44564692, 0.46739079, 0.41760449, 0.42556245,
       0.49396754, 0.48176976, 0.47514352, 0.50097103, 0.47992541,
       0.38009988, 0.44458192, 0.42392218, 0.48192966, 0.41930135,
       0.48824662, 0.42269479, 0.46123952, 0.52200532, 0.49427063,
       0.46912237, 0.52456369, 0.5167649 , 0.41301492, 0.52518103,
       0.44953735, 0.35674766, 0.48518181, 0.3788975 , 0.48493559,
       0.45980743, 0.48366121, 0.42296422, 0.47533249, 0.36970343,
       0.39649685, 0.5161184 , 0.53125566, 0.43349539, 0.3957911 ,
       0.51396546, 0.46901356, 0.50500569, 0.4455121 , 0.35552688,
       0.42573766, 0.44988107, 0.4689028 , 0.41378964, 0.46754713,
       0.45544471, 0.49827319, 0.44595416, 0.41382946, 0.41246419,
       0.51151742, 0.47249704, 0.41715663, 0.50773835, 0.49427236,
       0.50754415, 0.50957085, 0.39888886, 0.49622038, 0.50464071,
       0.51006284, 0.50388909, 0.42806768, 0.40734935, 0.52628917,
       0.50497903, 0.4868447 , 0.48953273, 0.40402457, 0.46668523,
       0.52493215, 0.40771017, 0.47796944, 0.52286687, 0.50138154,
       0.48771861, 0.52627325, 0.41590501, 0.41128653, 0.49200817,
       0.4917735 , 0.44822866, 0.46263262, 0.47453181, 0.48846032,
       0.41496152, 0.36399352, 0.51943812, 0.36057415, 0.39537111,
       0.41707687, 0.37914435, 0.41382617, 0.50912649, 0.47982121,
       0.5038747 , 0.43571071, 0.5180476 , 0.52664837, 0.49219412,
       0.427316  , 0.47523453, 0.38630113, 0.49755147, 0.50451262,
       0.52211887, 0.51045275, 0.39572069, 0.41592888, 0.49569482,
       0.52493106, 0.50536194, 0.46472457, 0.51775412, 0.4013543 ,
       0.40487323, 0.45114916, 0.46834005, 0.44572707, 0.43125761,
       0.43606351, 0.52409618, 0.52041942, 0.53368888, 0.47147058,
       0.46027577, 0.48042144, 0.44031277, 0.46147094, 0.42003138,
       0.50263893, 0.49174689, 0.51834579, 0.46855134, 0.44047425,
       0.4899163 , 0.50021124, 0.49755972, 0.50998233, 0.41085422,
       0.47561493, 0.47465674, 0.48706699, 0.49596366, 0.38562718,
       0.36585837, 0.48509679, 0.45565962, 0.46656146, 0.46088358,
       0.45001912, 0.50309934, 0.44067502, 0.5025426 , 0.51628995,
       0.37447079, 0.44880023, 0.43736109, 0.495522  , 0.42701062,
       0.48707778, 0.42228593, 0.48018424, 0.48082569, 0.34574955,
       0.47169331, 0.40989936, 0.51840985, 0.46569602, 0.44870463,
       0.45391394, 0.37775782, 0.53193906, 0.45927006, 0.42218766,
       0.44391907, 0.52648873, 0.3233173 , 0.52970369, 0.47769181,
       0.49337585, 0.51225134, 0.43873143, 0.40388663, 0.52947475,
       0.52961112, 0.48016054, 0.47146208, 0.51417625, 0.49634966,
       0.47518356, 0.45682413, 0.4111943 , 0.39752093]), 'lt_0 - intercept': array([0.4758101 , 0.458495  , 0.4365846 , 0.46215128, 0.48993717,
       0.47664999, 0.4403021 , 0.4722826 , 0.42757195, 0.43164761,
       0.43163468, 0.42667587, 0.40279811, 0.40751478, 0.3843007 ,
       0.42478151, 0.49276065, 0.49257709, 0.41106182, 0.42859315,
       0.40813862, 0.42469225, 0.4378277 , 0.41235297, 0.45612097,
       0.41135987, 0.41321549, 0.38399263, 0.4728091 , 0.50678312,
       0.44907081, 0.45877514, 0.44850092, 0.43597126, 0.49156511,
       0.40479852, 0.43915809, 0.39459271, 0.41380787, 0.41045122,
       0.41721787, 0.45723247, 0.41042798, 0.47037798, 0.42101028,
       0.3986913 , 0.40286521, 0.4480614 , 0.42765429, 0.45315753,
       0.4313097 , 0.41998667, 0.41177391, 0.47175491, 0.42554539,
       0.48443304, 0.46878197, 0.46309587, 0.4258906 , 0.44907861,
       0.44684048, 0.489466  , 0.42035232, 0.49071925, 0.40094693,
       0.48224462, 0.43313259, 0.43730994, 0.486494  , 0.40503966,
       0.44432998, 0.47899415, 0.43002836, 0.47624102, 0.47598027,
       0.40669495, 0.4568654 , 0.4706043 , 0.40046696, 0.43735995,
       0.42040762, 0.40009299, 0.40820462, 0.48890313, 0.41203363,
       0.43405412, 0.48948019, 0.44553371, 0.43068762, 0.42252583,
       0.42774789, 0.38909651, 0.40477307, 0.48836385, 0.394845  ,
       0.44562844, 0.40654883, 0.42097962, 0.49823585, 0.40342798,
       0.41706733, 0.45561034, 0.43154267, 0.42659776, 0.47360565,
       0.44147859, 0.4851241 , 0.45094508, 0.41182125, 0.42637192,
       0.45531695, 0.43831513, 0.41088571, 0.4771984 , 0.398042  ,
       0.47349058, 0.43650553, 0.45841167, 0.48490605, 0.39596858,
       0.46854434, 0.41918527, 0.40370342, 0.43694943, 0.41198578,
       0.41268403, 0.45497516, 0.40432463, 0.47143536, 0.44743811,
       0.47761389, 0.48508724, 0.48370491, 0.40203612, 0.46340478,
       0.39765889, 0.42141828, 0.41323834, 0.39440408, 0.42153548,
       0.45507927, 0.47224211, 0.40302753, 0.48707544, 0.38807938,
       0.39412633, 0.41683228, 0.40816325, 0.41498811, 0.39880163,
       0.42138978, 0.44554865, 0.49086194, 0.44531319, 0.41083325,
       0.39529721, 0.2859085 , 0.40473316, 0.4327316 , 0.45886046,
       0.43398666, 0.40657563, 0.42655422, 0.44880503, 0.44798162,
       0.45650515, 0.47744697, 0.45915088, 0.48670083, 0.422557  ,
       0.49177014, 0.40411969, 0.45509563, 0.48324079, 0.48385583,
       0.40093564, 0.46792175, 0.41775368, 0.47279677, 0.40872991,
       0.42668332, 0.40955366, 0.44069982, 0.48059469, 0.40225231,
       0.46878881, 0.39376915, 0.42187719, 0.41820691, 0.42811579,
       0.49062477, 0.41107283, 0.38729187, 0.42561602, 0.41253499,
       0.42401146, 0.41605517, 0.44318106, 0.43885327, 0.41879441,
       0.50635188, 0.42523178, 0.4143489 , 0.50442083, 0.44864425,
       0.3782397 , 0.46464324, 0.44033515, 0.41559017, 0.5037326 ,
       0.42950639, 0.4738265 , 0.38812219, 0.43942315, 0.49894019,
       0.41054206, 0.46005507, 0.43488118, 0.39172843, 0.41302404,
       0.43471914, 0.43087656, 0.47192713, 0.47455379, 0.44452144,
       0.4634097 , 0.43813452, 0.44431921, 0.42826487, 0.44704424,
       0.4336821 , 0.39834247, 0.44023887, 0.43119399, 0.49811336,
       0.45517637, 0.44873482, 0.4011251 , 0.44004388, 0.48318081,
       0.50029091, 0.40482225, 0.43191656, 0.50138732, 0.47440929,
       0.41900297, 0.39847518, 0.47486536, 0.44712117, 0.39761553,
       0.44590634, 0.38351209, 0.44334537, 0.46698384, 0.47710156,
       0.4197806 , 0.41547097, 0.41123194, 0.4576423 , 0.43404618,
       0.44618324, 0.45392632, 0.48205838, 0.49582107, 0.45853446,
       0.42802243, 0.45557897, 0.45185696, 0.40765789, 0.4106857 ,
       0.40608387, 0.41096633, 0.41025502, 0.49125833, 0.43438261,
       0.4182688 , 0.40277468, 0.47855934, 0.43470681, 0.46989853,
       0.48025605, 0.42124029, 0.47217998, 0.46309562, 0.41997192,
       0.42663791, 0.39999634, 0.40622106, 0.38807036, 0.44913599,
       0.39655175, 0.46838945, 0.46585986, 0.45068796, 0.39434715,
       0.38163276, 0.43877581, 0.43211917, 0.45497702, 0.39583939,
       0.43055728, 0.43939923, 0.44522014, 0.47065316, 0.46823384,
       0.40861621, 0.40172408, 0.37381804, 0.41322678, 0.39386419,
       0.42218616, 0.43131527, 0.42371113, 0.43751108, 0.40001329,
       0.39573215, 0.46925938, 0.51223784, 0.44382912, 0.44160003,
       0.39557172, 0.39964373, 0.43268173, 0.44226827, 0.46603241,
       0.40328863, 0.49377258, 0.41257938, 0.40046323, 0.43752786,
       0.40891617, 0.41582313, 0.51239915, 0.44761003, 0.43742225,
       0.41074545, 0.37385976, 0.40977745, 0.4046846 , 0.42984744,
       0.40387627, 0.4219769 , 0.41481321, 0.42397182, 0.45367767,
       0.4712278 , 0.42884683, 0.46528581, 0.43498159, 0.40337674,
       0.42333063, 0.47365468, 0.42020603, 0.41563049, 0.43630526,
       0.48127838, 0.4876711 , 0.42342937, 0.41189452, 0.40671765,
       0.44905898, 0.42560401, 0.45640391, 0.48058687, 0.43319001,
       0.42638609, 0.43049226, 0.44143836, 0.41777126, 0.48289474,
       0.45415892, 0.43233435, 0.47364515, 0.46684732, 0.42725998,
       0.48429625, 0.40731832, 0.40439616, 0.40107122, 0.47011759,
       0.49865004, 0.45534312, 0.45790857, 0.46122595, 0.46525407,
       0.39199912, 0.40599209, 0.4104188 , 0.47720286, 0.50036111,
       0.40961386, 0.44908579, 0.44629042, 0.43622204, 0.42183624,
       0.40428853, 0.4054619 , 0.44445916, 0.43975559, 0.44984827,
       0.42961805, 0.44372798, 0.4216583 , 0.48054277, 0.4754795 ,
       0.46171648, 0.41025499, 0.44497733, 0.4161541 , 0.40625947,
       0.39722229, 0.4847446 , 0.49229152, 0.42732008, 0.48021354,
       0.41160967, 0.47992236, 0.46570778, 0.43343452, 0.4022258 ,
       0.42601276, 0.48313463, 0.4075172 , 0.40510179, 0.47994763,
       0.48217564, 0.42162522, 0.40548786, 0.47729346, 0.48577146,
       0.384017  , 0.40297492, 0.35025274, 0.4239245 , 0.46039727,
       0.41727312, 0.42295192, 0.43783381, 0.35699435, 0.40034999,
       0.41865947, 0.45866613, 0.44487068, 0.414813  , 0.41458516,
       0.48144494, 0.43568451, 0.43205119, 0.49700932]), 'fs_0 - beta(p=7,n=3)': array([[ 7.06900091e-04, -8.12754277e-04,  7.66197247e-05,
        -2.44254984e-04, -9.43006732e-05, -8.30851586e-05],
       [ 2.81283434e-04, -7.67597010e-04, -3.10391622e-04,
        -5.00307536e-05, -3.44947444e-04, -1.48705177e-04],
       [-1.26266136e-03,  3.73993409e-04,  2.45764317e-04,
        -9.86154746e-04,  6.03108243e-04, -4.13210868e-04],
       ...,
       [-4.17207198e-05,  8.35377134e-05, -1.66053222e-04,
         3.89709138e-05, -8.66003232e-05, -9.27904142e-06],
       [ 2.55675613e-04, -2.67073495e-04,  7.76361711e-06,
        -1.31540887e-04, -1.47404574e-05, -7.94710297e-06],
       [ 4.91460589e-05, -5.90534833e-04, -2.11557288e-04,
        -3.08990603e-04, -9.80238315e-05,  9.19670648e-06]]), 'fs_1 - beta(p=365.25,n=10)': array([[ 3.59096556e-03, -5.55267580e-03, -8.38857886e-03, ...,
         2.58053298e-03, -2.70389434e-03,  1.88417644e-03],
       [ 5.64906851e-03, -6.88221202e-03, -6.85414024e-03, ...,
        -8.15866051e-06, -9.01127407e-04, -7.75186101e-04],
       [ 7.49276559e-03, -8.02677964e-03, -5.22401580e-03, ...,
         1.23129084e-03, -2.38998726e-03,  1.42192694e-03],
       ...,
       [ 6.70560985e-03, -6.88198418e-03, -5.09658074e-03, ...,
         2.41596342e-03,  1.23368324e-03,  8.75891272e-04],
       [ 5.53338010e-03, -6.01147917e-03, -6.02747952e-03, ...,
         2.51285567e-03,  1.04461400e-03,  2.00426044e-03],
       [ 2.41013198e-03, -3.57289346e-03, -6.81471966e-03, ...,
         1.30408184e-03,  7.71225586e-05, -3.08642004e-04]]), 'sigma_log__': array([-3.8656755 , -3.71251186, -3.99859335, -3.97444781, -3.84003987,
       -3.55758319, -3.89609526, -3.17020575, -3.38169476, -3.39936387,
       -4.171609  , -2.55236891, -3.95400704, -4.23006261, -2.75712048,
       -4.48900948, -3.3314331 , -3.38058603, -3.64178349, -2.67980285,
       -2.85562719, -3.23130375, -2.94132083, -4.12013431, -3.56270489,
       -2.85378999, -2.86675413, -2.18410309, -3.58878878, -3.94731584,
       -2.87909056, -3.80141863, -2.84460512, -2.59554821, -4.18577024,
       -3.64702952, -3.11605856, -2.38287874, -3.4962246 , -3.06137578,
       -2.57800578, -3.06238714, -3.55658769, -4.543716  , -2.88748997,
       -3.32417388, -3.81129406, -2.78240617, -3.92534582, -2.99327661,
       -2.56701655, -4.05115544, -2.86121716, -4.00168285, -3.29390564,
       -3.2124367 , -4.45756437, -3.425051  , -2.67490764, -3.29882383,
       -3.66335844, -3.94136191, -4.01184586, -4.18351755, -2.35656765,
       -3.99527738, -2.63958562, -4.2661106 , -3.86175529, -2.94662305,
       -4.59915119, -4.2108316 , -2.55615993, -4.07150459, -3.08617785,
       -3.2602799 , -3.3258114 , -3.69379169, -2.52480177, -2.62351569,
       -3.79200227, -3.21680613, -3.32456768, -4.25944072, -3.32901106,
       -4.69878069, -4.74656505, -2.86027884, -4.48201177, -4.53025975,
       -3.0428219 , -2.78594866, -3.59291545, -3.23149905, -3.25226757,
       -3.38754575, -3.13009654, -2.42502955, -4.54460895, -2.9060086 ,
       -2.99110598, -2.80253838, -3.10900735, -3.38074651, -4.61830926,
       -3.47094021, -3.56229123, -4.50970957, -3.45822931, -4.9212363 ,
       -3.30876404, -3.09316437, -4.10904207, -3.61029336, -3.10614729,
       -4.10633685, -2.83583624, -4.44542243, -4.02440177, -3.64516884,
       -3.77120641, -3.29417786, -2.68538971, -4.11785103, -4.35896395,
       -4.3274845 , -4.29799199, -2.17033877, -3.27636539, -2.40445379,
       -3.20991161, -3.17175081, -4.10628825, -3.79501999, -3.63100925,
       -3.07829632, -4.35558333, -3.13036674, -2.97922459, -3.3355981 ,
       -3.66846799, -4.30853032, -4.18592747, -3.40488132, -2.75620186,
       -3.503025  , -2.54689937, -3.63706917, -3.52180148, -2.6826851 ,
       -4.43101744, -2.9423712 , -3.66151543, -3.10282185, -2.83579567,
       -2.7304322 , -0.73862605, -2.93320218, -4.00720496, -4.52866362,
       -2.68109725, -2.95156931, -3.23571137, -4.87967354, -3.02926001,
       -2.98781465, -4.32189753, -4.34901515, -3.57300919, -4.65636565,
       -4.27638863, -3.69785811, -3.28683986, -3.83106471, -3.86862105,
       -3.00165552, -3.51222083, -2.81027208, -3.17354385, -3.11019436,
       -3.05583972, -3.49538576, -2.77092271, -3.2551861 , -3.53869606,
       -3.69324872, -2.42467953, -3.66955572, -4.48641237, -2.79711845,
       -3.64051678, -4.17411499, -2.52237103, -2.78528281, -3.66695091,
       -3.63622415, -2.90617155, -4.9758755 , -3.92739498, -3.32037309,
       -3.72461745, -3.8144905 , -3.89299462, -3.52688257, -2.71502278,
       -2.18364391, -3.41764574, -4.31945291, -3.16633314, -4.02279679,
       -3.34568879, -3.74744779, -2.73397452, -4.50851706, -4.17683945,
       -3.17889961, -3.00124919, -3.23794644, -2.94174209, -3.13756581,
       -4.17691131, -4.44067817, -3.17846708, -3.69714985, -4.77247709,
       -3.05037202, -2.77324801, -3.99219864, -4.60107797, -4.42462211,
       -5.02636837, -2.35977078, -3.00226202, -4.96806612, -3.64635008,
       -4.19924598, -2.50210599, -3.03171482, -2.99373236, -3.58664244,
       -3.19925662, -4.06577331, -2.98844769, -3.18922231, -4.84760162,
       -2.46035278, -3.51363657, -3.65408403, -3.17271662, -2.34888222,
       -3.05566702, -2.47251817, -3.32970334, -3.14050413, -3.79670779,
       -3.83487364, -3.23284178, -2.98233344, -4.47369346, -3.24320319,
       -2.75689293, -3.20509399, -3.45886489, -4.42880437, -2.98707943,
       -3.27397908, -2.94008371, -3.11163083, -3.75199824, -3.10269975,
       -2.69531543, -4.23906635, -3.55169852, -3.13574573, -4.83911834,
       -2.66497029, -2.14858245, -4.89398837, -2.67136446, -4.04458843,
       -3.84540408, -3.09444675, -3.77763947, -4.25160411, -2.49820105,
       -2.41306898, -3.59416998, -4.00852213, -2.07212574, -2.69276958,
       -3.33592462, -3.55014042, -4.52344844, -2.9509017 , -2.0941189 ,
       -2.39329424, -3.06806696, -2.81659629, -3.05389566, -2.82675281,
       -2.73702662, -3.99124933, -2.93535375, -3.01400288, -2.86812337,
       -3.1195882 , -2.62913102, -2.44558782, -3.68916158, -3.63742741,
       -3.55848888, -3.72274672, -2.4716804 , -3.54076223, -3.22693224,
       -3.26561408, -5.02698555, -4.66299344, -3.02075169, -4.80554352,
       -3.6163869 , -2.98873374, -3.56798063, -2.58648213, -3.66351345,
       -4.45620367, -3.91630408, -3.23224656, -3.8630601 , -3.86081082,
       -3.53092449, -4.53108964, -3.34841401, -2.92466417, -3.87812795,
       -3.58172509, -2.71967042, -2.756684  , -2.94506144, -3.1700459 ,
       -2.3357394 , -2.36775425, -4.75449406, -2.32443578, -2.9235477 ,
       -3.11751622, -2.62700242, -2.65015621, -3.84448446, -3.06092833,
       -3.91249337, -3.8030702 , -4.32341892, -4.67205054, -3.49226124,
       -3.275275  , -3.87475709, -2.59206331, -3.41974554, -3.63056057,
       -4.78295339, -3.41079354, -2.70315854, -3.21190971, -3.75181619,
       -4.83778435, -4.59492201, -3.3659676 , -4.23738509, -3.4483607 ,
       -3.13734031, -2.70580706, -3.84928933, -3.82795238, -2.67655764,
       -3.41408521, -3.71546948, -3.58626592, -4.12342118, -4.15123628,
       -3.58774637, -3.77374637, -3.35304689, -3.48687926, -3.53179442,
       -3.55221988, -3.13024477, -3.9960222 , -4.18304254, -3.52221184,
       -2.77556888, -4.07276881, -4.62432486, -4.13960947, -2.31817906,
       -2.48070845, -3.06762995, -4.21899102, -3.72358576, -2.74104836,
       -2.24967344, -2.90348506, -2.61533666, -4.38884283, -3.82399984,
       -2.97170539, -3.85297268, -2.89887829, -3.81014139, -4.16460061,
       -2.23629746, -4.44685675, -4.05665555, -3.18777255, -2.98833872,
       -2.90172121, -3.40467378, -3.91975349, -3.01533117, -2.24011062,
       -3.27094251, -2.86244139, -3.34029875, -2.84359131, -4.1184895 ,
       -4.2403727 , -2.44461853, -3.94509757, -3.26983905, -3.96226515,
       -2.61738834, -4.320916  , -2.0392584 , -4.12462419, -4.7194183 ,
       -3.2690252 , -3.90678164, -2.63938043, -2.12998466, -3.92010483,
       -4.32192614, -4.23994443, -3.06189933, -3.85177245, -3.560499  ,
       -4.39772441, -2.87241839, -2.76033554, -3.3559585 ]), 'sigma': array([0.02094877, 0.02441612, 0.01834142, 0.01878967, 0.02149274,
       0.02850764, 0.02032111, 0.04199496, 0.0339898 , 0.03339451,
       0.01542742, 0.07789692, 0.0191777 , 0.01455148, 0.06347428,
       0.01123176, 0.03574185, 0.03402751, 0.02620556, 0.06857667,
       0.05751973, 0.03950596, 0.05279595, 0.01624233, 0.028362  ,
       0.05762551, 0.05688326, 0.11257866, 0.02763178, 0.01930645,
       0.05618584, 0.02233906, 0.05815723, 0.07460497, 0.01521049,
       0.02606845, 0.04433155, 0.09228453, 0.03031161, 0.04682323,
       0.07592526, 0.0467759 , 0.02853603, 0.01063382, 0.05571589,
       0.03600225, 0.02211954, 0.06188941, 0.01973531, 0.05012293,
       0.07676423, 0.01740226, 0.0571991 , 0.01828484, 0.03710863,
       0.0402584 , 0.01159056, 0.03254762, 0.06891319, 0.03692657,
       0.02564624, 0.01942175, 0.01809995, 0.01524479, 0.09474486,
       0.01840234, 0.07139085, 0.01403627, 0.02103105, 0.05251675,
       0.01006037, 0.01483403, 0.07760217, 0.01705171, 0.0456762 ,
       0.03837765, 0.03594334, 0.0248775 , 0.08007418, 0.07254736,
       0.0225504 , 0.04008287, 0.03598807, 0.0141302 , 0.03582852,
       0.00910637, 0.00868146, 0.05725279, 0.01131064, 0.01077788,
       0.04770009, 0.06167056, 0.02751799, 0.03949824, 0.03868638,
       0.03379151, 0.04371358, 0.0884755 , 0.01062433, 0.0546936 ,
       0.05023185, 0.0606559 , 0.04464525, 0.03402205, 0.00986947,
       0.03108779, 0.02837374, 0.01100165, 0.03148546, 0.00729011,
       0.03656133, 0.0453582 , 0.0164235 , 0.02704391, 0.04477312,
       0.01646799, 0.05866944, 0.01173215, 0.01787411, 0.026117  ,
       0.02302427, 0.03709853, 0.06819461, 0.01627946, 0.01279163,
       0.01320071, 0.01359583, 0.11413894, 0.03776527, 0.09031481,
       0.04036018, 0.04193012, 0.01646879, 0.02248246, 0.02648944,
       0.04603762, 0.01283495, 0.04370177, 0.05083223, 0.03559329,
       0.02551553, 0.01345331, 0.01520809, 0.03321076, 0.06353262,
       0.03010617, 0.07832414, 0.0263294 , 0.02954616, 0.0683793 ,
       0.01190237, 0.05274052, 0.02569355, 0.04492226, 0.05867182,
       0.06519111, 0.4777699 , 0.05322632, 0.01818415, 0.01079509,
       0.06848796, 0.05225763, 0.03933222, 0.00759949, 0.0483514 ,
       0.05039745, 0.01327467, 0.01291953, 0.02807125, 0.00950093,
       0.01389274, 0.02477654, 0.03737176, 0.02168651, 0.02088715,
       0.04970471, 0.02983059, 0.06018861, 0.04185501, 0.04459229,
       0.04708317, 0.03033704, 0.06260421, 0.03857364, 0.02905118,
       0.02489101, 0.08850648, 0.02548779, 0.01126097, 0.06098554,
       0.02623878, 0.0153888 , 0.08026906, 0.06171163, 0.02555427,
       0.02635166, 0.05468469, 0.00690247, 0.01969491, 0.03613935,
       0.02412233, 0.02204895, 0.02038421, 0.02939641, 0.06620345,
       0.11263037, 0.03278954, 0.01330716, 0.0421579 , 0.01790282,
       0.03523594, 0.02357784, 0.06496059, 0.01101478, 0.01534694,
       0.04163144, 0.04972491, 0.0392444 , 0.05277371, 0.04338828,
       0.01534583, 0.01178794, 0.04164945, 0.02479409, 0.0084594 ,
       0.04734131, 0.06245881, 0.01845908, 0.01004101, 0.01197874,
       0.0065626 , 0.09444187, 0.04967458, 0.00695659, 0.02608617,
       0.01500689, 0.08191231, 0.04823286, 0.0501001 , 0.02769115,
       0.04079252, 0.01714972, 0.05036556, 0.0412039 , 0.00784718,
       0.08540482, 0.02978839, 0.0258852 , 0.04188964, 0.09547582,
       0.0470913 , 0.08437213, 0.03580373, 0.04326098, 0.02244454,
       0.02160407, 0.03944524, 0.05067445, 0.01140511, 0.03903865,
       0.06348873, 0.04055509, 0.03146546, 0.01192874, 0.05043452,
       0.0378555 , 0.0528613 , 0.04452828, 0.0234708 , 0.04492774,
       0.06752108, 0.01442105, 0.02867589, 0.04346733, 0.00791403,
       0.06960142, 0.1166494 , 0.00749148, 0.0691578 , 0.01751691,
       0.02137776, 0.04530007, 0.02287663, 0.01424137, 0.0822328 ,
       0.08954008, 0.02748349, 0.01816021, 0.12591783, 0.0676932 ,
       0.03558167, 0.02872061, 0.01085154, 0.05229253, 0.12317873,
       0.09132833, 0.04651098, 0.05980917, 0.04717479, 0.05920479,
       0.06476262, 0.01847662, 0.05311193, 0.04909476, 0.05680543,
       0.04417536, 0.07214112, 0.08667517, 0.02499295, 0.02631997,
       0.02848183, 0.0241675 , 0.08444284, 0.02899122, 0.03967904,
       0.03817349, 0.00655855, 0.00943817, 0.04876455, 0.00818425,
       0.02687962, 0.05035115, 0.02821277, 0.07528442, 0.02564226,
       0.01160634, 0.01991456, 0.03946873, 0.02100363, 0.02105092,
       0.02927784, 0.01076894, 0.03514004, 0.05368272, 0.02068952,
       0.02782765, 0.06589647, 0.06350199, 0.05259883, 0.04200167,
       0.09673893, 0.0936909 , 0.0086129 , 0.09783863, 0.05374269,
       0.04426698, 0.07229485, 0.07064018, 0.02139743, 0.04684419,
       0.01999059, 0.02230219, 0.01325449, 0.00935307, 0.03043198,
       0.03780647, 0.02075938, 0.07486541, 0.03272076, 0.02650132,
       0.00837124, 0.03301499, 0.06699358, 0.04027962, 0.02347507,
       0.00792459, 0.01010301, 0.03452859, 0.01444532, 0.03179772,
       0.04339807, 0.06681638, 0.02129486, 0.02175411, 0.06879958,
       0.0329065 , 0.02434401, 0.02770158, 0.01618903, 0.01574494,
       0.0276606 , 0.02296586, 0.03497762, 0.03059621, 0.02925238,
       0.02866094, 0.0437071 , 0.01838864, 0.01525203, 0.02953404,
       0.06231402, 0.01703017, 0.00981028, 0.01592907, 0.0984527 ,
       0.08368392, 0.04653131, 0.01471348, 0.02414723, 0.06450269,
       0.10543365, 0.05483179, 0.07314316, 0.01241509, 0.02184027,
       0.05121589, 0.02121657, 0.05508497, 0.02214505, 0.01553592,
       0.1068534 , 0.01171533, 0.0173068 , 0.04126368, 0.05037105,
       0.05492859, 0.03321765, 0.01984599, 0.0490296 , 0.10644673,
       0.03797062, 0.05712912, 0.03542637, 0.05821622, 0.01626907,
       0.01440222, 0.08675922, 0.01934933, 0.03801254, 0.01901998,
       0.07299325, 0.01328771, 0.13012518, 0.01616957, 0.00892037,
       0.03804349, 0.0201051 , 0.0714055 , 0.11883912, 0.01983901,
       0.01327429, 0.01440839, 0.04679872, 0.02124205, 0.02842464,
       0.01230531, 0.05656197, 0.06327053, 0.03487593])}"
