,0
0,"{'lt_0 - slope': array([1.05389423, 0.72779928, 0.94210645, 1.07155599, 0.9111862 ,
       1.1055432 , 1.17782588, 1.07018665, 1.21007738, 1.10933626,
       1.01227175, 1.42105527, 0.99525545, 0.92250181, 1.38941769,
       1.25069292, 0.6745318 , 0.81224554, 1.41614179, 0.96393906,
       1.6334891 , 1.16467456, 1.14275025, 1.00268807, 0.93543299,
       1.38830675, 1.27583825, 1.03468018, 0.9886467 , 0.86618477,
       1.07819923, 1.26192225, 0.94240757, 0.75399323, 0.79702663,
       1.24434163, 1.29484904, 1.10686276, 1.25542262, 1.27379323,
       1.2305771 , 1.49918678, 0.93709348, 0.93633139, 1.34669558,
       1.39696725, 0.97348402, 1.36792433, 0.80281778, 1.02819265,
       0.96211088, 1.27920224, 1.18921123, 0.9892376 , 1.30499462,
       0.6990464 , 1.03854717, 1.06627148, 1.20229286, 0.85274638,
       1.29417009, 1.00200672, 1.12563805, 1.10920114, 1.40314382,
       1.08589896, 1.04000808, 1.04355684, 0.82329811, 1.46917746,
       0.9121029 , 0.73758677, 1.08641975, 0.80358881, 0.90006143,
       1.38124209, 1.0552396 , 1.2432927 , 0.8340111 , 1.08030826,
       1.05317683, 1.13578257, 1.30759277, 0.75568343, 1.11893485,
       0.89903082, 0.51586609, 1.35038426, 1.01357227, 0.88924056,
       0.51263934, 1.47354747, 0.91455108, 0.74672066, 1.31463541,
       1.17451068, 1.32144365, 1.15659171, 0.69019454, 0.9652713 ,
       1.48443423, 1.16762028, 1.23436657, 1.18686995, 0.92364424,
       1.53681246, 0.70466913, 0.91283593, 1.32577255, 0.74140256,
       0.75002861, 1.28257655, 0.86199009, 1.25786096, 1.15559572,
       1.1956992 , 1.33744072, 1.14895619, 0.90587173, 1.12045865,
       0.74548592, 1.17760018, 1.2976249 , 0.82076322, 0.87046333,
       0.87428158, 1.21990278, 0.98077802, 1.04441368, 0.69507832,
       0.6946542 , 0.65179724, 0.97128837, 0.87881205, 1.12520671,
       1.15900288, 1.01002227, 1.49536945, 1.42416681, 1.14422658,
       0.9728896 , 0.92280253, 0.90929083, 0.92769631, 1.39297787,
       1.01516541, 1.14679087, 1.24098753, 1.31716525, 1.1931923 ,
       0.95703797, 0.83694712, 0.77624644, 1.08701507, 1.17796503,
       1.14757086, 0.94410767, 1.51246304, 0.98467324, 1.02485278,
       1.25398082, 1.20699897, 1.16344713, 0.75130637, 1.23663543,
       1.06741388, 0.76577227, 1.04496601, 1.06674555, 1.04790428,
       0.88630429, 1.28648723, 1.01125363, 0.77218555, 0.76250748,
       1.23076517, 1.57236453, 1.21615863, 0.83053506, 1.21528796,
       1.47671661, 1.22272508, 1.27698145, 0.63500179, 1.32079291,
       1.05842309, 1.0993638 , 1.22114247, 1.09295113, 1.39310302,
       0.81501311, 1.14131127, 1.12347041, 1.63880744, 0.60366987,
       1.06510631, 1.08581036, 0.8218212 , 0.9207977 , 1.38138025,
       0.42664959, 1.24277291, 1.29616578, 0.90022992, 0.77629493,
       0.78551028, 0.95027001, 1.01834299, 1.59345198, 0.95563285,
       1.45603269, 1.06567077, 1.70971342, 1.26861408, 0.84368818,
       1.32431816, 1.12714086, 1.19407236, 1.33850518, 1.05408252,
       0.80501554, 1.09690884, 0.66452754, 0.95420567, 0.80466195,
       0.96127895, 1.21911846, 0.83223074, 0.89304004, 1.10776154,
       0.78790181, 1.09028787, 1.23182465, 0.85328783, 0.52565327,
       0.97294393, 1.10734827, 1.29071435, 1.26021786, 0.9962355 ,
       0.47568677, 1.32846376, 1.53620637, 0.4220476 , 0.96695575,
       1.02713563, 1.03992325, 1.03755958, 1.30876474, 1.35384781,
       1.41159968, 1.13963366, 1.21824004, 0.72517287, 1.09127427,
       0.95653815, 0.95678042, 1.52226214, 0.87800587, 1.2478759 ,
       0.83580161, 1.12578762, 0.75003265, 0.72895823, 0.95508534,
       0.86370923, 1.22237087, 1.36180062, 1.04740561, 1.13320778,
       1.73755494, 1.22949439, 1.20700722, 0.51812204, 0.7667064 ,
       1.06211938, 0.84710433, 1.07133991, 0.8333043 , 1.01526339,
       0.80370524, 1.1934469 , 0.98930533, 1.20773249, 0.6512793 ,
       1.15777416, 0.90982801, 0.86059831, 1.10498211, 0.98239546,
       1.01656689, 0.6412282 , 0.99761646, 0.66543968, 0.901518  ,
       1.06954846, 1.39681686, 1.11810996, 1.24144626, 1.63221889,
       1.32048358, 0.95098933, 1.35985194, 0.89075573, 0.90944134,
       0.94076024, 1.36224445, 1.0557321 , 1.26741756, 1.23400999,
       0.90817049, 1.02916336, 1.10806966, 1.00231421, 1.16637203,
       1.14858957, 0.81789953, 0.91300701, 1.15088098, 0.73573567,
       1.10919681, 1.31492921, 1.18635   , 1.73880666, 1.33024481,
       1.06134457, 0.73824165, 1.32867204, 1.05958446, 1.13503707,
       1.46836583, 0.90034356, 0.28809797, 1.16209494, 0.93014777,
       1.07961066, 1.29414166, 1.49979643, 1.07978201, 1.01122259,
       1.13455575, 0.77107719, 0.84413989, 0.47144472, 1.05016373,
       0.97549534, 1.17695817, 0.61462858, 0.69034644, 1.35977605,
       0.68293013, 0.87346856, 0.84525062, 0.91241162, 1.36607449,
       0.93246743, 0.72165181, 1.23587562, 1.48089595, 1.31428211,
       0.6763251 , 1.05913291, 0.94768601, 0.8394461 , 1.24251078,
       0.80359186, 1.01120327, 1.39476464, 1.01809566, 0.9368647 ,
       1.03196898, 0.77858561, 0.87167181, 1.38043321, 1.1755838 ,
       0.89280239, 1.18187055, 1.12562254, 1.01646567, 1.03480566,
       0.76932641, 1.14891797, 0.98215743, 1.00109329, 0.97549164,
       1.30190537, 1.27583001, 1.0393118 , 1.03598629, 0.7669099 ,
       1.09921254, 1.11023977, 0.94454652, 0.98463071, 1.03842769,
       1.17695387, 1.54490349, 0.87316974, 1.18222034, 1.08847946,
       0.55767509, 1.00189592, 1.02529919, 0.84962496, 1.2217963 ,
       1.2525988 , 1.27899625, 1.29972907, 1.2000361 , 1.19781103,
       1.16751719, 0.90598093, 1.00000769, 0.90221972, 0.59387415,
       1.46489659, 0.96536262, 1.11050606, 1.23244839, 0.39943727,
       1.23495566, 0.51524021, 0.90158559, 1.50377588, 1.05664693,
       0.80194262, 0.66208786, 0.85238466, 1.07990358, 0.71755943,
       1.22759815, 0.9609338 , 0.81350549, 0.92483369, 1.11462931,
       1.60122272, 1.17385696, 1.66814036, 1.05415316, 0.88977091,
       1.03169392, 0.82464691, 1.35906189, 1.37929496, 1.29184165,
       1.23742846, 0.966945  , 1.33533334, 1.070575  ]), 'lt_0 - intercept': array([-0.1202053 ,  0.19770635,  0.00232673, -0.15475406,  0.01515676,
       -0.18628967, -0.25366973, -0.14585885, -0.27320267, -0.19264159,
       -0.05982885, -0.51619575, -0.06701432,  0.02236742, -0.48527261,
       -0.33597583,  0.28741848,  0.12763398, -0.4958882 , -0.03426906,
       -0.73921671, -0.23447263, -0.21497676, -0.05226757,  0.01889771,
       -0.48072761, -0.38828805, -0.35001004, -0.03922157,  0.06503074,
       -0.16257153, -0.3498574 , -0.02573822,  0.14980667,  0.16709499,
       -0.31640043, -0.3764553 , -0.29286716, -0.33564   , -0.34758431,
       -0.32048371, -0.60042353,  0.01212852,  0.00395622, -0.43939602,
       -0.47305236, -0.03702679, -0.4809417 ,  0.16136928, -0.10500131,
       -0.06597628, -0.35881007, -0.26735005, -0.04841621, -0.39643077,
        0.23783191, -0.08804014, -0.16100616, -0.27298484,  0.07644992,
       -0.39304408, -0.08863917, -0.18984092, -0.18692888, -0.50765862,
       -0.15502358, -0.14398123, -0.11028727,  0.12476583, -0.5772122 ,
        0.0428612 ,  0.23389475, -0.17675761,  0.16929918,  0.0212702 ,
       -0.45060324, -0.11764188, -0.34391133,  0.05085758, -0.18476934,
       -0.10094638, -0.18787164, -0.38672525,  0.19820267, -0.16978397,
        0.05567211,  0.45354495, -0.49922498, -0.07023473,  0.06940407,
        0.3879536 , -0.58963216,  0.02676155,  0.19543545, -0.38822724,
       -0.26609861, -0.40048385, -0.32445807,  0.27089654, -0.02491852,
       -0.57051837, -0.24985349, -0.29589915, -0.26491361,  0.03267428,
       -0.67113687,  0.2412509 ,  0.0439205 , -0.42509685,  0.20836025,
        0.18512809, -0.35966767,  0.07526935, -0.38523211, -0.23894352,
       -0.27280057, -0.43695443, -0.20127717,  0.03895527, -0.19998179,
        0.22339075, -0.2556136 , -0.38483859,  0.1294324 ,  0.07995185,
        0.07410374, -0.28568756, -0.24773308, -0.12915094,  0.19740527,
        0.22163078,  0.26023207, -0.03001374,  0.06489607, -0.19231875,
       -0.22274124, -0.06380613, -0.59441648, -0.50481513, -0.24585701,
       -0.03459855,  0.01367081,  0.03708319,  0.01450575, -0.472256  ,
       -0.0821201 , -0.24643597, -0.32379748, -0.47493806, -0.26854581,
       -0.00598734,  0.07930722,  0.16304115, -0.15225423, -0.27502387,
       -0.22879302, -0.2452337 , -0.62273227, -0.05095227, -0.08903042,
       -0.36893425, -0.28821582, -0.26283031,  0.20957478, -0.33935821,
       -0.1504574 ,  0.20138245, -0.10247299, -0.15920618, -0.12448396,
        0.06259003, -0.35851665, -0.08886292,  0.16567582,  0.18068048,
       -0.29527686, -0.74208985, -0.30194339,  0.1030026 , -0.27960691,
       -0.62413676, -0.32919582, -0.37014363,  0.29385349, -0.40443617,
       -0.11429754, -0.3175167 , -0.28726995, -0.15812924, -0.48169621,
        0.12425981, -0.20747351, -0.26430135, -0.75766374,  0.3398168 ,
       -0.10853231, -0.16624902,  0.13471642,  0.01994457, -0.46646533,
        0.48704077, -0.31586996, -0.37594881,  0.02394912,  0.11151553,
        0.11531362, -0.00128753, -0.07052182, -0.70010164, -0.02561336,
       -0.54895958, -0.14326217, -0.83434518, -0.36620892,  0.10478908,
       -0.4012177 , -0.21537707, -0.27044612, -0.43024151, -0.14002966,
        0.15567011, -0.15484189,  0.26940839, -0.0279398 ,  0.15764584,
       -0.06058904, -0.29567965,  0.13680261,  0.06495562, -0.16003768,
        0.16406221, -0.17112727, -0.3262558 ,  0.09265352,  0.40774665,
       -0.02561334, -0.21918801, -0.35987707, -0.33537381, -0.07181714,
        0.44266497, -0.4144295 , -0.65108877,  0.49786767, -0.0063709 ,
       -0.14537465, -0.11049967, -0.09977575, -0.38883898, -0.43555175,
       -0.51526653, -0.24693229, -0.30715457,  0.22869575, -0.16140105,
       -0.02106466, -0.03927919, -0.61529935,  0.07146617, -0.31505393,
        0.07802756, -0.20173278,  0.19569579,  0.23381265, -0.03791914,
        0.08127544, -0.33278378, -0.44708062, -0.12251867, -0.20335323,
       -0.85936223, -0.31053477, -0.26529963,  0.40680892,  0.18914624,
       -0.18389182,  0.04621043, -0.14539864,  0.08705718, -0.07267525,
        0.14039337, -0.25770602, -0.06314778, -0.28897335,  0.25840134,
       -0.26419783,  0.0374237 ,  0.10196309, -0.27650076, -0.1015956 ,
       -0.08572679,  0.29443711, -0.04417217,  0.22341338, -0.11088223,
       -0.20988391, -0.52627976, -0.19654015, -0.35300822, -0.76034312,
       -0.43929336, -0.01608588, -0.45417806,  0.05060024,  0.02317868,
       -0.00146825, -0.43523098, -0.29322064, -0.33599366, -0.30066249,
        0.05337305, -0.10813909, -0.24640613, -0.04926256, -0.23412379,
       -0.21408674,  0.13643307,  0.01197949, -0.25421271,  0.23904605,
       -0.18109544, -0.38736548, -0.26420913, -0.89200057, -0.41883171,
       -0.13120517,  0.22588576, -0.43975236, -0.12385488, -0.21376109,
       -0.574096  ,  0.04895679,  0.59950966, -0.26493878,  0.0065877 ,
       -0.14849405, -0.42524707, -0.59047322, -0.15921849, -0.06349338,
       -0.24549458,  0.13607489,  0.11350566,  0.37320634, -0.17633736,
       -0.06046999, -0.31859961,  0.23134263,  0.26932123, -0.4423773 ,
        0.25849557,  0.0839211 ,  0.1132728 ,  0.03264493, -0.45308434,
        0.00782647,  0.24237103, -0.32878642, -0.5806489 , -0.39617269,
        0.29740734, -0.15152398, -0.04921338,  0.11671219, -0.30334069,
        0.15431942, -0.06853802, -0.48941434, -0.07795805,  0.00311344,
       -0.1011045 ,  0.08935772,  0.06545075, -0.48029799, -0.26562567,
        0.03768088, -0.25159164, -0.18002455, -0.06029641, -0.09667797,
        0.19129171, -0.21346755, -0.04968818, -0.07185995, -0.03539111,
       -0.37333434, -0.33833432, -0.08773799, -0.09756423,  0.17503473,
       -0.16199282, -0.18939986, -0.00268502, -0.05481861, -0.23143233,
       -0.24433295, -0.64128247,  0.06578871, -0.24703511, -0.19284178,
        0.27900096, -0.11941463, -0.12703542,  0.09051051, -0.31191253,
       -0.36539391, -0.35271406, -0.40318847, -0.30190787, -0.2555436 ,
       -0.30017274,  0.03361515, -0.07941001,  0.04729903,  0.33305937,
       -0.54206038, -0.02290599, -0.17235678, -0.28766479,  0.52124002,
       -0.32291781,  0.37682594,  0.0475837 , -0.59642733, -0.12461131,
        0.13479439,  0.2521653 ,  0.10004888, -0.15731228,  0.25220824,
       -0.37140089, -0.01873437,  0.03844317,  0.03494047, -0.17684406,
       -0.70723622, -0.24508125, -0.7878028 , -0.21291746,  0.05624435,
       -0.08701749,  0.12396788, -0.45198782, -0.46963899, -0.36948856,
       -0.33444646, -0.03163818, -0.4582797 , -0.16944889]), 'fs_0 - beta(p=7,n=3)': array([[ 2.11642347e-03, -1.97904832e-04,  1.62794515e-04,
         3.91330049e-04, -3.31100422e-04, -6.20160186e-04],
       [-1.24428278e-03,  3.45275819e-04, -1.62274358e-04,
         7.95089404e-04, -9.36357474e-04, -1.34738576e-04],
       [-5.87221977e-04,  7.49190644e-04, -1.08305581e-03,
        -8.42195922e-04,  2.11907156e-04, -7.22765956e-04],
       ...,
       [ 3.48800670e-04,  9.71848368e-04, -7.89006340e-04,
         6.62530397e-04, -3.54348726e-04, -2.16411735e-04],
       [ 3.06875046e-03, -2.20891850e-04, -3.33881603e-04,
         2.11027703e-04,  1.04603170e-04, -7.33566620e-04],
       [ 1.04972760e-03, -2.84975211e-05, -1.09208496e-04,
        -5.39770766e-04,  2.43167546e-05, -8.14787023e-04]]), 'fs_1 - beta(p=365.25,n=10)': array([[ 1.82307030e-02, -2.52649428e-02, -1.85459858e-02, ...,
        -1.16880574e-03,  5.16413290e-03, -5.84141786e-03],
       [ 1.73644281e-02, -1.46332313e-02, -7.69780853e-03, ...,
        -2.16648855e-03,  4.68566442e-03, -4.27578546e-03],
       [ 1.83537388e-02, -2.17588789e-02, -1.48929327e-02, ...,
        -2.16588358e-03, -3.07419251e-05, -6.02804334e-03],
       ...,
       [ 1.94883609e-02, -2.19352289e-02, -1.29933228e-02, ...,
         1.74051407e-03,  7.60216949e-03, -5.41073605e-03],
       [ 1.97789575e-02, -3.31855150e-02, -2.39775635e-02, ...,
         4.13823981e-03,  7.89604750e-03,  6.27401265e-03],
       [ 1.52145680e-02, -2.69850013e-02, -2.35399028e-02, ...,
        -8.87832057e-03,  3.22742296e-03, -9.28182349e-03]]), 'sigma_log__': array([-4.53366385, -3.87409455, -4.30494796, -4.54016552, -4.53415796,
       -4.68327097, -4.21096153, -3.67126308, -4.42987442, -4.14886606,
       -4.85153646, -3.87851159, -4.43817675, -4.52086872, -3.99768511,
       -4.85827511, -4.64019861, -3.94145926, -4.98712315, -3.80782254,
       -4.39088015, -3.77634411, -4.03406347, -4.85679477, -4.37901043,
       -3.86859037, -3.07941801, -2.38897513, -4.65285369, -4.66888645,
       -4.264766  , -4.72388529, -3.86354928, -3.69927318, -4.43761527,
       -4.66049755, -4.37334733, -2.60408163, -4.16075535, -4.7770685 ,
       -3.85876308, -4.73733369, -4.79735149, -4.81320931, -3.83568306,
       -4.64896996, -4.68796819, -4.60657598, -4.29115483, -3.95798958,
       -3.76502755, -4.58420367, -4.01627386, -4.64581755, -4.10229425,
       -4.17376851, -4.75629624, -4.27095965, -3.57169004, -3.70137057,
       -4.32097653, -4.4131339 , -4.70069682, -4.43415653, -3.70666249,
       -4.63516554, -3.82399787, -4.45946945, -4.84826831, -3.91549829,
       -4.60829681, -4.31604549, -3.92376351, -4.50361807, -4.07171225,
       -4.68771457, -4.24823016, -4.36922673, -3.53181335, -4.05052161,
       -5.07238867, -4.90287015, -4.2421283 , -4.42897873, -5.02162895,
       -4.8884304 , -4.57248501, -3.78492814, -4.5268446 , -4.51730055,
       -3.74142957, -3.98618474, -4.64166268, -3.76797408, -4.46222069,
       -4.10914337, -4.27295518, -2.99764812, -4.54806038, -4.59213092,
       -4.90197098, -3.86203195, -4.37109865, -4.49986842, -4.77828536,
       -4.05995453, -3.97996463, -4.55393208, -4.36466081, -4.75982309,
       -3.85182383, -4.1413108 , -4.20892216, -4.25099303, -3.86761199,
       -4.74557849, -4.25540758, -4.83154215, -4.53620325, -4.39321952,
       -3.94021899, -4.09811407, -3.942703  , -4.48252754, -4.58373242,
       -4.86076979, -4.76668437, -2.35331705, -3.76498149, -3.09603478,
       -3.8228391 , -4.01359614, -4.48134215, -4.77506118, -4.31808392,
       -4.40475764, -4.77398415, -4.42929034, -4.19258981, -3.87375131,
       -4.02245955, -4.63697036, -4.58108765, -4.5733149 , -4.16062448,
       -4.66046964, -3.39408481, -4.17863407, -3.22061115, -3.90511537,
       -4.73922137, -3.67834788, -3.93953896, -4.17012325, -3.80208878,
       -4.16054024, -1.77841601, -3.73527921, -4.14257727, -4.61330157,
       -4.11958924, -4.15939396, -3.76692816, -4.69433136, -3.90421056,
       -3.5955161 , -4.41915658, -4.7035627 , -4.44434638, -4.81988362,
       -4.46479242, -4.48048542, -4.30962812, -4.03438729, -4.06436689,
       -4.71527096, -4.16012214, -3.84288012, -4.09904296, -4.38781172,
       -3.77084801, -4.18700428, -4.22346651, -3.43655493, -4.28488302,
       -4.29736125, -2.47982553, -4.56605865, -4.83723358, -4.31251828,
       -4.39709328, -4.59686873, -2.64657609, -4.05353602, -4.30200474,
       -4.58051676, -4.09848279, -4.75909631, -4.27072346, -4.21222885,
       -3.95209461, -4.2058514 , -4.5622895 , -4.00149484, -3.16654227,
       -3.71483761, -4.72956706, -4.50338299, -4.44785439, -4.49924991,
       -4.41668497, -4.20106263, -4.2723999 , -4.69381782, -4.43631609,
       -4.60390303, -4.01449093, -4.13627292, -4.5557459 , -4.39366239,
       -4.46582047, -4.76950972, -3.7817515 , -4.22174992, -4.66207295,
       -4.10673443, -4.20296702, -4.48941793, -4.61110633, -4.73012771,
       -4.50519022, -3.44876785, -3.97346882, -4.86387431, -3.91629011,
       -4.30924429, -3.99355273, -4.65736206, -4.4710859 , -4.58517677,
       -4.20285019, -4.59861641, -4.20076071, -4.68642329, -4.90715011,
       -3.59424213, -4.63674613, -4.26010921, -4.15053804, -3.89889395,
       -4.04628315, -3.43167356, -4.36403385, -4.03817122, -4.41556366,
       -4.21169857, -4.31362858, -4.46238212, -4.60782509, -4.67302394,
       -4.3985436 , -4.19439787, -4.03709577, -4.5428307 , -3.79377174,
       -3.63990919, -3.70226488, -4.39593323, -4.56989103, -3.90470357,
       -4.27621392, -5.18058311, -4.99594776, -3.88084662, -4.9722185 ,
       -3.37126668, -3.0925058 , -5.01023255, -3.81027937, -4.4212514 ,
       -3.97148896, -3.87605729, -4.36249472, -4.73563845, -3.55883492,
       -3.31688309, -4.42690719, -4.56455241, -2.73160834, -3.63906406,
       -4.5424245 , -3.856694  , -4.60875409, -3.53395784, -2.81646692,
       -2.62643662, -4.15606637, -4.11087716, -4.09578454, -3.97006058,
       -3.25083242, -4.32045705, -4.01525615, -3.88334633, -3.6307765 ,
       -4.46355881, -4.30080241, -2.42985971, -4.7623642 , -4.49845107,
       -4.12387084, -4.25881231, -2.89211556, -4.74726398, -4.36387991,
       -4.55351577, -5.01674727, -4.53376374, -4.24376504, -4.87989943,
       -4.71176683, -4.40911079, -4.44768099, -4.17828554, -4.52182898,
       -4.93057386, -4.45694749, -3.85320875, -4.41636473, -4.30076717,
       -4.4950793 , -4.63443812, -3.52273387, -4.01866276, -4.11960568,
       -4.29006365, -3.06735952, -4.15252908, -3.68667546, -4.52194517,
       -3.00128285, -3.47552659, -4.82296866, -3.65388482, -3.87637005,
       -4.2109537 , -3.87548508, -3.07413037, -4.3213545 , -4.25249031,
       -4.37643142, -4.6643523 , -4.47413017, -4.97069587, -4.37538344,
       -4.03831454, -4.03490406, -4.0716645 , -4.4762228 , -4.72191691,
       -4.69644715, -4.15789479, -4.12225464, -4.02912708, -4.63917041,
       -4.73233313, -4.82298626, -4.55304279, -4.66459003, -4.44993091,
       -4.20118319, -2.64155599, -4.1649191 , -4.76811319, -3.70977436,
       -4.09377841, -4.90690232, -4.55886134, -5.35100992, -4.34101195,
       -3.86502544, -4.48095435, -4.3422538 , -4.59662103, -4.5163218 ,
       -4.42802911, -4.42250054, -4.48616715, -4.56925009, -3.92025062,
       -3.77388929, -4.33377988, -4.63142185, -4.23405982, -2.27111084,
       -4.21197936, -4.34215943, -4.16113127, -4.67887094, -3.92405766,
       -3.01114984, -3.34090628, -3.4464935 , -4.43506271, -4.19586709,
       -3.45326962, -4.66053515, -4.06510903, -4.45751728, -4.98608719,
       -2.9709475 , -4.46124396, -4.31435365, -3.98612626, -3.89180948,
       -4.54790499, -4.58917903, -4.49513506, -4.69218775, -3.67341912,
       -3.87522847, -3.3532513 , -4.84730258, -4.22247405, -4.70057925,
       -4.50631052, -3.29763559, -4.70999627, -3.93206472, -4.39006387,
       -2.75966894, -5.24872927, -2.55545743, -4.72738809, -4.78744947,
       -4.52725661, -4.51604455, -3.93185691, -2.31623793, -4.70765665,
       -4.94327636, -4.28005106, -4.23007991, -4.87679527, -4.26330781,
       -4.67374112, -3.50500285, -3.94346099, -4.56300599]), 'sigma': array([0.01074125, 0.02077314, 0.01350159, 0.01067164, 0.01073594,
       0.00924871, 0.0148321 , 0.02544431, 0.01191599, 0.0157823 ,
       0.00781636, 0.02068158, 0.01181747, 0.01087957, 0.01835809,
       0.00776386, 0.00965578, 0.01941986, 0.00682527, 0.02219646,
       0.01238982, 0.02290628, 0.01770225, 0.00777537, 0.01253776,
       0.02088779, 0.04598601, 0.09172364, 0.00953436, 0.00938271,
       0.01405516, 0.00888061, 0.02099336, 0.0247415 , 0.0118241 ,
       0.00946175, 0.01260896, 0.07397104, 0.01559577, 0.00842065,
       0.02109408, 0.00876198, 0.00825157, 0.00812175, 0.02158659,
       0.00957146, 0.00920537, 0.00998595, 0.01368911, 0.01910148,
       0.02316697, 0.01021188, 0.01801999, 0.00960168, 0.0165347 ,
       0.01539414, 0.00859739, 0.01396837, 0.02810831, 0.02468966,
       0.0132869 , 0.01211714, 0.00908894, 0.01186507, 0.02455935,
       0.0097045 , 0.02184031, 0.0115685 , 0.00784195, 0.01993061,
       0.00996878, 0.01335258, 0.01976656, 0.01106888, 0.01704817,
       0.00920771, 0.0142895 , 0.01266103, 0.02925182, 0.01741329,
       0.00626743, 0.00742524, 0.01437696, 0.01192666, 0.00659378,
       0.00753324, 0.01033225, 0.02271049, 0.01081475, 0.01091846,
       0.02372017, 0.01857043, 0.00964165, 0.02309881, 0.01153672,
       0.01642184, 0.01394053, 0.0499043 , 0.01058772, 0.01013125,
       0.00743192, 0.02102523, 0.01263735, 0.01111046, 0.00841041,
       0.0172498 , 0.0186863 , 0.01052573, 0.01271897, 0.00856712,
       0.02124096, 0.01590199, 0.01486238, 0.01425008, 0.02090824,
       0.00869003, 0.01418731, 0.00797421, 0.01071401, 0.01236087,
       0.01944396, 0.01660396, 0.01939572, 0.0113048 , 0.01021669,
       0.00774452, 0.00850854, 0.09505334, 0.02316804, 0.04522819,
       0.02186563, 0.0180683 , 0.01131821, 0.00843757, 0.01332539,
       0.01221907, 0.00844666, 0.01192295, 0.01510711, 0.02078027,
       0.01790886, 0.009687  , 0.01024375, 0.01032368, 0.01559781,
       0.00946202, 0.03357126, 0.01531942, 0.03993065, 0.02013863,
       0.00874545, 0.02526468, 0.01945718, 0.01545036, 0.02232409,
       0.01559913, 0.16890548, 0.02386651, 0.01588187, 0.00991902,
       0.01625119, 0.01561702, 0.02312298, 0.00914698, 0.02015686,
       0.02744651, 0.01204439, 0.00906293, 0.01174478, 0.00806773,
       0.01150708, 0.01132791, 0.01343855, 0.01769652, 0.01717386,
       0.00895744, 0.01560565, 0.02143179, 0.01658854, 0.0124279 ,
       0.02303252, 0.01519173, 0.01464778, 0.03217534, 0.01377523,
       0.01360441, 0.08375784, 0.01039886, 0.00792896, 0.01339976,
       0.01231308, 0.01008336, 0.07089353, 0.01736088, 0.01354138,
       0.0102496 , 0.01659784, 0.00857335, 0.01397167, 0.01481331,
       0.01921441, 0.01490809, 0.01043813, 0.01828828, 0.04214909,
       0.0243594 , 0.00883029, 0.01107148, 0.01170365, 0.01111733,
       0.01207419, 0.01497965, 0.01394827, 0.00915168, 0.01183947,
       0.01001268, 0.01805214, 0.01598231, 0.01050666, 0.0123554 ,
       0.01149526, 0.00848454, 0.02278275, 0.01467295, 0.00944686,
       0.01646144, 0.01495115, 0.01122718, 0.00994081, 0.00882534,
       0.01105149, 0.03178478, 0.01880808, 0.00772051, 0.01991484,
       0.01344371, 0.01843411, 0.00949147, 0.01143489, 0.01020195,
       0.0149529 , 0.01006575, 0.01498417, 0.0092196 , 0.00739353,
       0.0274815 , 0.00968917, 0.01412076, 0.01575594, 0.02026431,
       0.01748725, 0.03233278, 0.01272695, 0.01762968, 0.01208774,
       0.01482117, 0.01338489, 0.01153485, 0.00997349, 0.00934397,
       0.01229523, 0.01507982, 0.01764865, 0.01064324, 0.02251054,
       0.02625473, 0.02466759, 0.01232737, 0.01035909, 0.02014693,
       0.01389517, 0.00562473, 0.00676531, 0.02063335, 0.00692776,
       0.0343461 , 0.04538808, 0.00666935, 0.02214199, 0.01201918,
       0.01884535, 0.02073241, 0.01274655, 0.00877684, 0.02847198,
       0.03626569, 0.0119514 , 0.01041454, 0.06511448, 0.02627693,
       0.01064756, 0.02113777, 0.00996423, 0.02918916, 0.05981691,
       0.07233576, 0.01566907, 0.01639339, 0.01664268, 0.01887229,
       0.03874194, 0.01329381, 0.01803833, 0.02058184, 0.0264956 ,
       0.01152129, 0.01355768, 0.08804918, 0.00854538, 0.01112622,
       0.01618176, 0.01413909, 0.05545876, 0.0086754 , 0.0127289 ,
       0.01053012, 0.00662604, 0.01074018, 0.01435345, 0.00759778,
       0.00898888, 0.01216599, 0.01170568, 0.01532476, 0.01086913,
       0.00722236, 0.01159771, 0.02121156, 0.01207806, 0.01355815,
       0.0111638 , 0.00971156, 0.02951862, 0.01797699, 0.01625092,
       0.01370405, 0.04654389, 0.0157246 , 0.02505516, 0.01086786,
       0.04972324, 0.03094553, 0.00804288, 0.02589035, 0.02072592,
       0.01483222, 0.02074427, 0.04622981, 0.01328188, 0.01422876,
       0.01257014, 0.00942535, 0.01140013, 0.00693832, 0.01258332,
       0.01762716, 0.01768738, 0.01704899, 0.0113763 , 0.00889811,
       0.00912765, 0.01564045, 0.01620793, 0.01778985, 0.00966571,
       0.0088059 , 0.00804273, 0.0105351 , 0.00942311, 0.01167937,
       0.01497784, 0.07125032, 0.01553097, 0.0084964 , 0.02448305,
       0.01667611, 0.00739536, 0.01047398, 0.00474336, 0.01302334,
       0.02096239, 0.0113226 , 0.01300718, 0.01008586, 0.01092915,
       0.01193799, 0.01200418, 0.01126373, 0.01036573, 0.01983612,
       0.02296258, 0.01311787, 0.0097409 , 0.01449343, 0.10319748,
       0.01481701, 0.01300841, 0.01558991, 0.0092895 , 0.01976075,
       0.04923503, 0.03540486, 0.03185715, 0.01185432, 0.01505768,
       0.03164201, 0.0094614 , 0.01716112, 0.01159111, 0.00683235,
       0.05125472, 0.01154799, 0.01337519, 0.01857152, 0.02040838,
       0.01058937, 0.0101612 , 0.01116317, 0.00916661, 0.02538951,
       0.0207496 , 0.03497047, 0.00784952, 0.01466232, 0.00909001,
       0.01103911, 0.03697048, 0.00900481, 0.01960316, 0.01239994,
       0.06331273, 0.00525419, 0.0776567 , 0.00884956, 0.00833369,
       0.01081029, 0.01093218, 0.01960723, 0.09864399, 0.0090259 ,
       0.0071312 , 0.01384196, 0.01455123, 0.0076214 , 0.01407567,
       0.00933727, 0.03004669, 0.01938102, 0.01043066])}"
