,0
0,"{'priors': array([ 1.73686430e+01,  4.40737172e-02, -1.61158812e-01,  1.67729243e-01,
        2.05110270e-01,  1.04927987e-01, -7.09753571e-02,  8.69591894e-02,
       -1.98542400e-01, -4.15727350e-01, -9.95608655e-02,  1.91949523e-01,
        2.91808519e-01,  4.62749871e-02, -9.50813568e-03, -8.14193032e-02,
        1.00201739e-01, -2.41103546e-01,  2.30913314e-01,  1.64707871e-02,
       -1.24359940e-01,  2.10654145e-01, -1.09694429e-01,  2.79955709e-01,
        1.75090713e-01, -1.85998299e-01,  5.99451160e-02, -4.54772014e-01,
       -1.76696922e-01,  5.66264828e-01, -7.25381683e-01,  1.10058684e-01,
       -8.75962361e-01, -2.05416068e-01,  6.37186529e-01,  2.17299792e-01,
       -1.78873565e+00, -7.20040862e-01,  2.35101206e-01, -4.18590192e-02,
        1.04977189e+00, -1.81015288e-01,  3.23433322e-01, -3.30537679e-01,
        1.57226348e+00,  1.08906231e+00,  5.05085504e-01,  1.34498377e+00,
        2.96882888e-01,  1.18491082e+00, -6.34961713e-01,  2.55851313e+00,
       -6.03196302e-01,  0.00000000e+00]), 'lt_0 - slope_sigma_log__': array(-1.87097495), 'lt_0 - slope_z_offset': array([ 1.22641124e-01,  3.98103217e-02,  1.80410507e-03,  1.00539016e-01,
        5.93595380e-02,  8.63719584e-02,  1.15459834e-01,  7.31446434e-02,
        1.77860195e-01,  5.59249307e-02,  5.06006997e-02,  9.82013247e-02,
        3.10054211e-03, -2.69073958e-02,  1.05715556e-01,  1.21419446e-01,
        1.29398667e-01,  1.18217990e-02,  8.44144494e-02,  1.73903640e-01,
        1.02080054e-01,  1.35155227e-02,  2.33136280e-02,  5.94844287e-02,
        1.30873384e-01, -8.14013744e-03,  9.11201651e-02, -5.18320286e-03,
        1.05424739e-01,  9.99658276e-02,  3.56945282e-02,  3.37384778e-02,
        1.26593227e-01,  1.02373821e-01,  9.10870717e-02,  6.98496397e-02,
        1.29806092e-01,  5.54823145e-02,  7.64087143e-02,  1.14613669e-01,
        1.55523146e-01,  4.70984062e-02,  3.80260729e-02,  4.67516752e-02,
        1.98495824e-01,  5.48876233e-02,  3.24272405e-02,  1.29533283e-02,
        1.63369829e-01,  1.03230594e-01,  3.30275613e-02,  4.38147494e-02,
        1.04524115e-01,  5.67696221e-02,  2.65244881e-02,  1.44898481e-01,
        2.01979178e-01,  1.21644808e-01,  1.45371862e-01,  1.21206455e-01,
        8.03721491e-02,  1.21284828e-01,  1.28725361e-01,  2.13284702e-01,
        1.12728812e-01,  3.80666789e-02,  1.11754467e-01,  8.51614064e-02,
        1.12495258e-01,  3.63034321e-02,  5.11577001e-02, -4.02825297e-02,
        1.64093790e-01,  4.09705316e-02,  1.14675221e-01,  8.30560460e-02,
        1.03047871e-01,  1.04700589e-01,  2.81839930e-03,  7.43989015e-02,
        8.38850076e-02,  4.18429923e-02,  1.74981855e-01,  1.96457603e-01,
        8.50617048e-02,  5.96574944e-02,  7.18606493e-02,  9.63414713e-02,
        8.60977029e-02,  8.07007433e-02,  2.08353573e-02,  2.25803121e-02,
        6.36766593e-03,  2.38468658e-01, -1.79112727e-02,  1.01721658e-01,
        1.81421205e-01,  5.32747693e-02,  9.76088667e-02,  3.99080307e-02,
        5.88945163e-02,  1.61529261e-01,  5.50042036e-02,  2.02546310e-02,
        7.06705877e-02,  1.28061967e-01,  6.52292136e-02,  5.23059480e-02,
       -5.63727072e-03, -7.40659167e-03,  9.80427752e-02,  5.59531597e-02,
        6.49612464e-02,  1.42150502e-01,  1.20406008e-01,  1.44803973e-01,
        5.52091818e-02,  1.32073951e-01, -1.31703550e-02,  1.46531669e-01,
        4.47674888e-02,  6.03938115e-02,  1.41975649e-01, -1.34204954e-02,
       -3.40880708e-02,  1.33157478e-01,  6.42041521e-02,  7.37305008e-02,
        1.06607097e-01,  1.10136473e-01,  8.05059566e-02,  1.23325751e-01,
       -4.31024327e-02,  1.18798118e-01, -1.94181361e-03,  1.40514167e-01,
        4.97134090e-02,  4.34314506e-02,  6.84244119e-02,  1.12456165e-01,
        3.77912055e-02, -1.72047774e-02,  6.01213685e-02,  5.97880131e-02,
       -2.31110659e-02, -2.25583450e-02,  1.28976076e-01, -8.87900618e-03,
        9.80531000e-02,  1.62071759e-01,  7.30491498e-02,  8.32482600e-02,
        1.65154909e-01, -1.14134255e-02,  6.04574846e-02,  2.20315489e-02,
       -3.92529665e-02,  6.08922499e-02,  7.72153958e-02,  9.62879832e-02,
        4.60081546e-02,  1.71555420e-02,  5.23844535e-02,  3.14104282e-02,
        1.32526645e-01,  2.48196408e-02,  1.18693905e-01,  3.25201449e-02,
        9.80639415e-02,  1.14718538e-01, -1.57309186e-02,  1.07186149e-01,
        6.40772717e-02,  7.31594406e-02,  2.19392627e-02,  1.16447974e-01,
       -4.95803534e-02,  1.17156907e-01,  4.84884935e-02,  1.21509045e-01,
        1.56700486e-01,  1.27127703e-01,  2.03716043e-01,  1.41232115e-01,
        1.08504327e-01,  5.88159423e-02,  1.03882429e-01,  1.79007015e-01,
        1.44187699e-01,  1.33375968e-01,  7.19612436e-02, -9.18188991e-02,
        1.06922819e-01,  4.50462661e-02, -6.39608658e-02,  3.89845441e-03,
        2.04565979e-01,  8.54334613e-02,  9.20078283e-02,  6.09520584e-03,
        7.07841029e-02,  1.15733910e-01,  1.22792596e-02,  2.16000513e-01,
       -2.28686176e-02,  1.34882962e-01,  5.15974120e-02,  8.80414798e-02,
        2.03066978e-01,  1.31337889e-01, -5.69051917e-03,  7.49768815e-02,
        5.83851084e-02,  7.06969329e-02,  1.04322868e-01,  1.58127570e-01,
        1.18429186e-01,  7.51807911e-02,  1.18749916e-01,  5.08104190e-02,
        7.49481146e-02,  1.24317661e-01,  3.77647167e-02,  9.94451018e-02,
        9.35408752e-02,  1.04606429e-02, -1.63186775e-02,  3.31652153e-02,
        7.51544884e-02,  1.34607936e-01,  2.32325904e-02,  1.19133414e-01,
        7.54391825e-02,  3.99007577e-02,  8.13693132e-02,  1.20760461e-01,
        1.22255612e-01,  1.32356605e-01,  3.01142011e-02, -1.55437016e-03,
        7.82643059e-02,  7.91615059e-02,  1.04494181e-01, -1.69649547e-02,
        9.83087231e-02, -2.97900174e-02, -2.13570743e-02,  2.01578201e-02,
        5.75393732e-02,  1.31874948e-01,  8.26033346e-02,  8.70135709e-02,
        3.72828779e-02,  8.26776791e-02,  7.75426680e-02,  9.74613455e-02,
        8.60952888e-02,  8.06076281e-02,  1.49087474e-01,  6.02304998e-02,
        8.34640793e-02,  8.57667002e-02,  1.22558650e-01,  1.01504566e-01,
        1.15265671e-01,  9.35452489e-02,  1.61255876e-01,  1.76598250e-01,
        7.06625556e-02,  5.33079143e-02,  1.85160362e-01,  8.80819505e-03,
       -2.51876709e-02,  9.63776136e-02,  1.32553417e-02,  8.18952806e-02,
        1.40992574e-01,  1.74157701e-02,  1.03775291e-02,  1.00295073e-01,
        1.09028974e-01, -3.30182887e-02,  2.06060360e-01,  9.54527170e-02,
        2.48054305e-02, -2.06466989e-02,  9.07041851e-02,  5.47033378e-02,
        1.15567512e-01,  6.22717171e-02,  1.84679161e-02,  1.21065423e-01,
        3.32583238e-02,  2.68083498e-02, -1.46365841e-02,  9.24699181e-02,
        8.22287831e-02,  1.12989372e-01,  8.83068568e-02,  8.90221218e-02,
        7.76044726e-02,  5.79957393e-02,  1.41411685e-02,  5.52586753e-02,
        1.14035543e-01,  9.05700637e-02,  5.07720635e-02,  1.37532669e-01,
        1.88464406e-02,  1.31721816e-01,  8.74260522e-02,  4.93003303e-02,
        4.50014673e-02,  4.29976680e-02,  1.07580091e-01,  9.23304287e-02,
        1.06461519e-02,  8.05411493e-02,  4.81025719e-02,  7.66824788e-02,
        2.85828154e-02,  2.24604589e-02,  2.92575627e-02,  1.02360178e-01,
        3.15537173e-02, -2.82200354e-02,  1.04750162e-01,  4.14648212e-02,
        1.32508375e-02,  2.08921751e-01,  7.20697258e-02,  1.75295517e-02,
        1.26059897e-01,  2.22447210e-02,  7.61614722e-02,  4.67195002e-02,
        1.17834398e-01,  6.53496283e-02,  4.11279092e-02,  1.40267870e-01,
        9.35052593e-02,  4.93844344e-02,  8.96652267e-02, -5.37679725e-02,
        1.69794094e-01,  6.37524933e-02,  1.50534196e-01,  1.15151922e-01,
        1.39208353e-01,  5.16522493e-02,  3.93312163e-02,  6.03011860e-02,
        1.21302924e-01,  1.27607332e-01,  1.08347404e-01,  8.10573898e-02,
        1.16038181e-01,  8.70947110e-02,  5.98503386e-02,  1.14082324e-01,
        1.09644794e-01, -4.24286878e-02,  2.99957066e-02,  1.38159837e-01,
        3.41148390e-02,  1.06998896e-01,  6.55523653e-02, -2.63347222e-02,
        9.83158818e-02,  6.38472624e-02,  2.01951864e-01,  2.41025244e-02,
        5.01771432e-02,  5.09347830e-03,  3.09350196e-02,  4.81947641e-02,
        1.04617923e-01,  1.32943571e-01,  1.00809087e-01,  5.06718939e-02,
        1.06635822e-01,  1.23933464e-01,  1.36330123e-01,  5.78341557e-02,
        1.05260169e-01,  9.78843318e-02,  1.35887236e-01,  7.57700049e-02,
        6.39711974e-02,  1.06878834e-01,  2.58923194e-02,  1.19212875e-02,
        7.98691284e-02, -8.15641954e-02,  8.77230155e-02,  9.32769127e-02,
        1.43252156e-01,  1.69834770e-01, -3.51988027e-02,  6.49295721e-02,
        1.59054440e-01,  1.68757788e-01,  1.31422048e-01,  7.70924466e-02,
       -4.03075443e-02,  1.31357045e-02,  9.52410895e-02,  5.00534451e-02,
        5.48307719e-02,  9.67891907e-02,  1.40322910e-01,  1.61891278e-01,
        1.98456419e-02,  1.36537411e-01,  1.77443668e-01,  1.21801922e-01,
       -5.48859984e-03,  1.96854188e-01,  8.39240004e-02,  1.32606340e-01,
        1.00024262e-01,  1.85825036e-01, -1.46351102e-02, -3.32460401e-02,
        1.32478255e-02,  6.85341428e-02,  3.31554066e-03,  8.24003447e-02,
        1.56523837e-01, -1.38387605e-02,  6.72989535e-02,  1.50498375e-01,
        1.78610028e-01, -2.87948590e-02, -8.64740477e-02, -7.69011390e-05,
        4.72428129e-04,  5.17551357e-02,  9.89905509e-03,  6.02468389e-02,
        1.18791473e-01,  5.16754242e-02,  1.17156725e-01,  1.23935684e-01,
        1.07495566e-01,  2.91810124e+00]), 'lt_0 - delta': array([-5.75822000e-02,  1.36491540e-02, -1.15487352e-01,  4.11273746e-03,
       -4.13720890e-01,  4.88680465e-03, -4.60385742e-02, -8.00061864e-03,
        1.05728343e-01, -6.67668813e-05, -4.22514681e-02, -1.19690560e-01,
        5.81240774e-02,  5.19068795e-04, -8.65335558e-01, -1.43435719e+00,
       -1.64400608e+00, -5.40824656e-03,  4.41502565e+00,  5.42019695e+00,
       -3.98589887e+00, -4.15560894e+00,  8.86342959e-09,  6.47725501e+00,
       -5.25422060e+00]), 'lt_0 - intercept': array([-0.24301871, -0.27620943, -0.23813618, -0.24723309, -0.25893723,
       -0.22055474, -0.24815586, -0.23349168, -0.28817309, -0.20198834,
       -0.2116424 , -0.25104724, -0.24968002, -0.26170414, -0.25673862,
       -0.23171661, -0.25982378, -0.23525441, -0.21317647, -0.29420663,
       -0.27189131, -0.2344818 , -0.2409125 , -0.19779111, -0.24482681,
       -0.23972142, -0.22250735, -0.28152717, -0.22721791, -0.25896421,
       -0.21843071, -0.21684812, -0.24479065, -0.28864233, -0.22059866,
       -0.22601586, -0.23745299, -0.273106  , -0.21842482, -0.24003263,
       -0.27321333, -0.23198897, -0.24238853, -0.22383615, -0.31704597,
       -0.20693567, -0.22214312, -0.23284681, -0.26877789, -0.22907221,
       -0.22265806, -0.21154596, -0.26478473, -0.21687868, -0.20480448,
       -0.3242052 , -0.27969825, -0.25003864, -0.27454431, -0.27754356,
       -0.21597504, -0.26445636, -0.24334248, -0.29812651, -0.24153861,
       -0.2118057 , -0.23744134, -0.24454795, -0.22723678, -0.22661524,
       -0.19888867, -0.24776916, -0.28333739, -0.20002334, -0.26008393,
       -0.23160171, -0.23485177, -0.33475632, -0.22321541, -0.21518562,
       -0.20771147, -0.22381867, -0.27820278, -0.29092521, -0.22448141,
       -0.20813979, -0.20587546, -0.22128596, -0.22495381, -0.24993849,
       -0.23695687, -0.22423785, -0.24004506, -0.31001265, -0.23902413,
       -0.23321883, -0.27339964, -0.24172957, -0.22493243, -0.21055566,
       -0.19949935, -0.28076331, -0.23299404, -0.23015881, -0.22654538,
       -0.24659962, -0.20651105, -0.23032826, -0.24217377, -0.26834564,
       -0.23400297, -0.21328081, -0.22885104, -0.24474142, -0.24428833,
       -0.26509964, -0.20386023, -0.23620629, -0.25705214, -0.25685967,
       -0.21132715, -0.21848816, -0.26856704, -0.25616365, -0.26690865,
       -0.25258627, -0.25289578, -0.25896963, -0.29512455, -0.24564041,
       -0.2389977 , -0.2292599 , -0.26731968, -0.22711527, -0.23497928,
       -0.23827814, -0.23746303, -0.21606434, -0.2435407 , -0.25007701,
       -0.22849776, -0.24254198, -0.23647251, -0.22620322, -0.2631944 ,
       -0.25686138, -0.26979323, -0.26425986, -0.24018078, -0.27329335,
       -0.23131738, -0.22264226, -0.31857398, -0.25843786, -0.27874351,
       -0.21629192, -0.27293692, -0.22155297, -0.22148157, -0.22620286,
       -0.25518622, -0.23929997, -0.22429151, -0.26673859, -0.31273877,
       -0.21140916, -0.28102975, -0.22032776, -0.24031213, -0.23981427,
       -0.22009357, -0.24475153, -0.23729348, -0.23801713, -0.21038288,
       -0.28453198, -0.27271037, -0.25349062, -0.22182569, -0.29080665,
       -0.36566183, -0.2351886 , -0.28319166, -0.27147948, -0.22745443,
       -0.25701396, -0.23016395, -0.26032562, -0.27467615, -0.2403801 ,
       -0.20372628, -0.28759723, -0.23145293, -0.1980484 , -0.26438249,
       -0.2375599 , -0.29579539, -0.22046704, -0.22684722, -0.24066783,
       -0.21752672, -0.23851346, -0.22931699, -0.40436918, -0.27018756,
       -0.24698115, -0.21878961, -0.22646202, -0.29469989, -0.24138057,
       -0.24069589, -0.25776393, -0.21781629, -0.20915695, -0.23769636,
       -0.28605287, -0.26632221, -0.20996695, -0.23715429, -0.20278118,
       -0.22641402, -0.25705829, -0.24141171, -0.22897756, -0.24632865,
       -0.22983781, -0.28092106, -0.2548002 , -0.23480821, -0.28823179,
       -0.22115043, -0.23789795, -0.21784401, -0.2461754 , -0.22211253,
       -0.25710929, -0.24232322, -0.27791139, -0.21500249, -0.24311508,
       -0.24764347, -0.2167083 , -0.23231368, -0.25165446, -0.22147542,
       -0.24024633, -0.25334609, -0.22727142, -0.2490608 , -0.2904036 ,
       -0.22147007, -0.23531174, -0.25413834, -0.23550568, -0.20844848,
       -0.23306625, -0.24009885, -0.21430364, -0.26542372, -0.21870156,
       -0.21328369, -0.22398994, -0.25541773, -0.25731203, -0.23395083,
       -0.2316198 , -0.27162967, -0.26429645, -0.20720862, -0.20502727,
       -0.27778739, -0.22720586, -0.2555696 , -0.25514982, -0.23807407,
       -0.22279348, -0.25639016, -0.26880413, -0.23293156, -0.23499387,
       -0.23595272, -0.27071046, -0.29980704, -0.2164836 , -0.22681789,
       -0.26990295, -0.38518304, -0.21212408, -0.24523437, -0.23046178,
       -0.277064  , -0.26106499, -0.23138415, -0.21960771, -0.22558471,
       -0.23258395, -0.22207259, -0.26156815, -0.21301262, -0.22142432,
       -0.24290255, -0.24156213, -0.23695122, -0.24033707, -0.26458983,
       -0.22196376, -0.20304225, -0.24472023, -0.23568153, -0.30068592,
       -0.2357894 , -0.24458575, -0.23063854, -0.20918379, -0.22466341,
       -0.21611482, -0.2472707 , -0.22262627, -0.20981434, -0.23126203,
       -0.22906363, -0.24264935, -0.23822635, -0.23332074, -0.22508593,
       -0.26247957, -0.22512612, -0.21155892, -0.22929745, -0.39298233,
       -0.21460667, -0.208658  , -0.24303246, -0.2347804 , -0.22544779,
       -0.23045195, -0.32493721, -0.25606032, -0.22026263, -0.30620624,
       -0.23054269, -0.21942061, -0.23218512, -0.34195577, -0.2879916 ,
       -0.22100162, -0.26500821, -0.22895187, -0.25670936, -0.20585535,
       -0.2159411 , -0.22339361, -0.24110908, -0.24123602, -0.25062971,
       -0.21220492, -0.23372131, -0.27488143, -0.22079693, -0.22891712,
       -0.23129482, -0.27752143, -0.22745835, -0.25604361, -0.2248389 ,
       -0.24287728, -0.21877794, -0.26295234, -0.23591003, -0.21251854,
       -0.3178944 , -0.24294863, -0.21436609, -0.22194501, -0.21426136,
       -0.21635588, -0.23086265, -0.25646859, -0.23000152, -0.22609996,
       -0.23044561, -0.23237928, -0.25024312, -0.21230425, -0.23944281,
       -0.24106452, -0.24844475, -0.21909054, -0.20894259, -0.24491744,
       -0.26119817, -0.23164479, -0.2124683 , -0.28185953, -0.22677619,
       -0.2250653 , -0.2655703 , -0.30915769, -0.25777217, -0.24280162,
       -0.26514281, -0.26984018, -0.25466526, -0.21851397, -0.22426357,
       -0.28947343, -0.25715988, -0.20465191, -0.22241311, -0.22760265,
       -0.28095371, -0.24989682, -0.20668758, -0.23959322, -0.26825104,
       -0.28670603, -0.24368491, -0.39952484, -0.21069933, -0.2767434 ,
       -0.22298673, -0.30340729, -0.26232425, -0.26338621, -0.23249312,
       -0.21067273, -0.2265133 , -0.2182831 , -0.27687538, -0.22643557,
       -0.21010395, -0.28690115, -0.27436764, -0.22380568, -0.28386051,
       -0.2347704 , -0.23104191, -0.21794716, -0.22096193, -0.20497875,
       -0.26868144, -0.21186481, -0.26531403, -0.23730981, -0.22317194,
       -0.7868346 ]), 'fs_0 - beta_sigma(p=7,n=3)_log__': array([-10.77023686, -10.7440449 , -10.76070925, -10.69007807,
       -10.71383379, -10.76546069]), 'fs_0 - beta_z_offset(p=7,n=3)': array([[-1.14375863e-04, -1.89549985e-04, -7.92379412e-05,
        -7.78065494e-05, -8.34733894e-05, -1.84059644e-04],
       [ 3.59859452e-04,  2.63709672e-04,  1.00952934e-04,
         1.60115703e-04,  3.43895432e-05,  1.25869612e-04],
       [ 4.29829373e-05, -1.56449975e-04,  1.04705144e-04,
        -5.83501537e-05,  5.07243249e-05,  2.79158774e-05],
       ...,
       [ 7.06620912e-05, -2.50542173e-04, -1.62782764e-05,
        -1.96698032e-04, -5.51237735e-05, -2.86575357e-04],
       [-1.72139881e-04,  2.26651896e-04, -1.69135075e-04,
         8.62185840e-05, -7.66095413e-05, -2.79645625e-05],
       [ 1.52954438e-04,  2.52587900e-03, -8.80917307e-04,
        -5.61162470e-04, -2.28181612e-04, -1.26136955e-03]]), 'fs_1 - beta_sigma(p=365.25,n=10)_log__': array([-10.71741257, -10.60887251, -10.69801906, -10.71660917,
       -10.70070031, -10.73917144, -10.7305979 , -10.73303683,
       -10.74855464, -10.71748754, -10.72528224, -10.72820376,
       -10.75934563, -10.74555068, -10.77087905, -10.71576541,
       -10.75823151, -10.73053913, -10.77107059, -10.75316923]), 'fs_1 - beta_z_offset(p=365.25,n=10)': array([[ 1.27924660e-03, -3.12224369e-03, -3.07320135e-03, ...,
        -2.59272538e-03, -9.74028824e-04, -3.14389608e-04],
       [-1.10188041e-03,  1.99405777e-03,  1.13544134e-03, ...,
         2.55984231e-03,  2.61458151e-03, -1.87103454e-03],
       [-2.34687404e-03,  4.77908082e-03,  4.34885561e-03, ...,
         1.10854020e-03, -1.20714046e-03,  1.62234981e-03],
       ...,
       [ 1.51080638e-03, -3.13676541e-03, -2.67809961e-03, ...,
        -6.08272055e-04, -4.88939470e-05,  1.90601962e-03],
       [ 9.74401984e-04, -2.08757510e-03, -1.89064121e-03, ...,
        -4.23444169e-04,  4.50653407e-04,  3.17289412e-04],
       [ 2.40502637e-02,  1.68964462e-02,  1.20251265e-02, ...,
        -1.80026675e-03, -2.06031888e-02, -1.66331006e-03]]), 'sigma_log__': array(-3.19991935), 'lt_0 - slope_sigma': array(0.15397347), 'fs_0 - beta_sigma(p=7,n=3)': array([2.10157823e-05, 2.15734988e-05, 2.12169694e-05, 2.27697405e-05,
       2.22352032e-05, 2.11163974e-05]), 'fs_1 - beta_sigma(p=365.25,n=10)': array([2.21557707e-05, 2.46959200e-05, 2.25896423e-05, 2.21735777e-05,
       2.25291550e-05, 2.16788930e-05, 2.18655569e-05, 2.18122935e-05,
       2.14764270e-05, 2.21541096e-05, 2.19820962e-05, 2.19179689e-05,
       2.12459210e-05, 2.15410385e-05, 2.10022907e-05, 2.21922949e-05,
       2.12696048e-05, 2.18668421e-05, 2.09982682e-05, 2.13775506e-05]), 'sigma': array(0.04076549), 'prior_lt_0 - slope': array(1.17083581), 'prior_lt_0 - intercept': array(-0.02733078), 'prior_lt_0 - delta': array([-0.15996888, -0.10455176, -0.07776346, -0.03467725, -0.02456486,
        0.05130788,  0.08011289,  0.144697  ,  0.18742285,  0.25276487,
        0.25364287,  0.20096545,  0.05060231, -0.04355457, -0.18511203,
       -0.37693388, -0.29553426, -0.28717146, -0.2945638 , -0.17864724,
        0.43901688,  0.91374113,  1.73736854,  1.46422418, -0.03486922]), 'prior_fs_0 - beta(p=7,n=3)': array([-7.54553515e-05, -4.16243877e-04,  1.53573906e-04, -2.33009354e-05,
        6.10344632e-05,  1.70460718e-04]), 'prior_fs_1 - beta(p=365.25,n=10)': array([ 1.05628097e-02, -1.03576879e-03, -9.08265912e-04,  1.47370074e-03,
       -4.32558606e-03,  1.56117639e-03, -1.42125071e-03,  1.25660905e-03,
       -7.75996332e-04,  2.43974295e-04,  8.11242555e-04,  3.22082065e-03,
        1.20175195e-03,  5.06368718e-03,  3.09571095e-03,  8.97034831e-05,
        2.03094605e-03,  2.63146246e-04,  6.12105060e-03, -5.96812538e-04]), 'prior_sigma': array(0.08572071), 'lt_0 - slope_shared': array(1.17083581), 'lt_0 - slope': array([1.18971929, 1.17696554, 1.17111359, 1.18631615, 1.1799756 ,
       1.1841348 , 1.18861356, 1.18209814, 1.19822156, 1.17944676,
       1.17862697, 1.18595621, 1.17131321, 1.16669278, 1.1871132 ,
       1.18953118, 1.19075977, 1.17265605, 1.18383339, 1.19761235,
       1.18655343, 1.17291684, 1.17442549, 1.17999483, 1.19098684,
       1.16958244, 1.18486589, 1.17003773, 1.18706842, 1.18622789,
       1.17633182, 1.17603064, 1.19032781, 1.18659866, 1.1848608 ,
       1.1815908 , 1.1908225 , 1.17937861, 1.18260072, 1.18848327,
       1.19478225, 1.17808771, 1.17669081, 1.17803432, 1.2013989 ,
       1.17928704, 1.17582874, 1.17283028, 1.19599043, 1.18673058,
       1.17592117, 1.17758212, 1.18692975, 1.17957682, 1.17491987,
       1.19314633, 1.20193524, 1.18956588, 1.19321922, 1.18949838,
       1.18321099, 1.18951045, 1.1906561 , 1.20367599, 1.18819305,
       1.17669706, 1.18804303, 1.1839484 , 1.18815709, 1.17642557,
       1.17871273, 1.16463337, 1.1961019 , 1.17714418, 1.18849275,
       1.18362423, 1.18670244, 1.18695692, 1.17126976, 1.18229126,
       1.18375187, 1.17727852, 1.19777837, 1.20108507, 1.18393305,
       1.18002148, 1.18190044, 1.18566984, 1.18409257, 1.18326158,
       1.1740439 , 1.17431258, 1.17181626, 1.20755365, 1.16807795,
       1.18649824, 1.19876986, 1.17903871, 1.18586498, 1.17698058,
       1.179904  , 1.19570703, 1.17930499, 1.17395448, 1.1817172 ,
       1.19055395, 1.18087937, 1.17888953, 1.16996782, 1.16969539,
       1.18593179, 1.17945111, 1.18083811, 1.19272321, 1.18937514,
       1.19313178, 1.17933656, 1.19117169, 1.16880792, 1.1933978 ,
       1.17772881, 1.18013485, 1.19269629, 1.16876941, 1.16558715,
       1.19133853, 1.18072154, 1.18218835, 1.18725047, 1.1877939 ,
       1.18323159, 1.1898247 , 1.16419917, 1.18912756, 1.17053682,
       1.19247126, 1.17849035, 1.1775231 , 1.18137135, 1.18815107,
       1.17665465, 1.16818673, 1.1800929 , 1.18004157, 1.16727732,
       1.16736242, 1.1906947 , 1.16946867, 1.18593338, 1.19579056,
       1.18208344, 1.18365383, 1.19626528, 1.16907844, 1.18014466,
       1.17422808, 1.16479189, 1.1802116 , 1.18272493, 1.1856616 ,
       1.17791984, 1.1734773 , 1.17890162, 1.17567218, 1.19124139,
       1.17465737, 1.18911152, 1.17584305, 1.18593505, 1.18849942,
       1.16841366, 1.18733963, 1.18070201, 1.18210042, 1.17421387,
       1.18876571, 1.16320175, 1.18887486, 1.17830175, 1.18954498,
       1.19496352, 1.1904101 , 1.20220267, 1.19258181, 1.18754259,
       1.1798919 , 1.18683094, 1.19839814, 1.19303689, 1.19137217,
       1.18191593, 1.15669813, 1.18729908, 1.17777174, 1.16098753,
       1.17143606, 1.20233354, 1.18399029, 1.18500257, 1.17177431,
       1.18173468, 1.18865576, 1.17272649, 1.20409416, 1.16731465,
       1.1916042 , 1.17878044, 1.18439186, 1.20210273, 1.19105836,
       1.16995962, 1.18238026, 1.17982556, 1.18172126, 1.18689876,
       1.19518326, 1.18907076, 1.18241165, 1.18912014, 1.17865926,
       1.18237583, 1.18997743, 1.17665057, 1.18614771, 1.18523862,
       1.17244647, 1.16832316, 1.17594237, 1.1824076 , 1.19156186,
       1.17441301, 1.18917919, 1.18245144, 1.17697946, 1.18336452,
       1.18942971, 1.18965993, 1.19121521, 1.17547259, 1.17059647,
       1.18288643, 1.18302458, 1.18692514, 1.16822365, 1.18597274,
       1.16624893, 1.16754738, 1.17393958, 1.17969534, 1.19114105,
       1.18355453, 1.18423359, 1.17657638, 1.18356598, 1.18277532,
       1.18584227, 1.1840922 , 1.18324724, 1.19379132, 1.18010971,
       1.18368706, 1.1840416 , 1.18970659, 1.18646482, 1.18858366,
       1.18523929, 1.19566493, 1.19802725, 1.18171597, 1.17904381,
       1.19934559, 1.17219203, 1.16695757, 1.1856754 , 1.17287678,
       1.18344551, 1.19254492, 1.17351737, 1.17243367, 1.18627859,
       1.18762338, 1.16575187, 1.20256364, 1.18553299, 1.17465518,
       1.16765676, 1.18480184, 1.17925867, 1.18863014, 1.180424  ,
       1.17367938, 1.18947667, 1.17595671, 1.17496358, 1.16858216,
       1.18507372, 1.18349686, 1.18823317, 1.18443272, 1.18454285,
       1.18278484, 1.17976561, 1.17301317, 1.17934418, 1.18839425,
       1.18478119, 1.17865336, 1.19201219, 1.17373766, 1.19111747,
       1.1842971 , 1.17842675, 1.17776484, 1.17745631, 1.18740029,
       1.18505224, 1.17247503, 1.18323701, 1.17824233, 1.18264287,
       1.1752368 , 1.17429412, 1.17534069, 1.18659656, 1.17569424,
       1.16649067, 1.18696455, 1.17722029, 1.17287608, 1.20300421,
       1.18193263, 1.17353489, 1.19024569, 1.1742609 , 1.18256265,
       1.17802937, 1.18897918, 1.18089792, 1.17716841, 1.19243334,
       1.18523314, 1.1784397 , 1.18464187, 1.16255696, 1.19697959,
       1.180652  , 1.19401408, 1.18856615, 1.1922702 , 1.17878888,
       1.17689177, 1.18012059, 1.18951324, 1.19048395, 1.18751843,
       1.18331649, 1.18870261, 1.18424608, 1.18005117, 1.18840146,
       1.1877182 , 1.16430291, 1.17545435, 1.19210876, 1.17608859,
       1.1873108 , 1.18092913, 1.16678096, 1.18597384, 1.18066659,
       1.20193104, 1.17454696, 1.17856176, 1.17162007, 1.17559898,
       1.17825652, 1.18694419, 1.19130559, 1.18635773, 1.17863793,
       1.18725489, 1.18991827, 1.19182703, 1.17974073, 1.18704308,
       1.1859074 , 1.19175884, 1.18250238, 1.18068567, 1.18729231,
       1.17482254, 1.17267137, 1.18313353, 1.15827708, 1.18434282,
       1.18519798, 1.19289284, 1.19698586, 1.16541612, 1.18083324,
       1.19532597, 1.19682003, 1.19107132, 1.182706  , 1.16462951,
       1.17285836, 1.18550041, 1.17854271, 1.17927829, 1.18573877,
       1.19244181, 1.19576277, 1.17389151, 1.19185895, 1.19815742,
       1.18959007, 1.16999071, 1.20114613, 1.18375788, 1.19125366,
       1.18623689, 1.19944793, 1.16858239, 1.1657168 , 1.17287562,
       1.18138825, 1.17134631, 1.18352327, 1.19493632, 1.168705  ,
       1.18119806, 1.19400856, 1.19833701, 1.16640216, 1.1575211 ,
       1.17082397, 1.17090855, 1.17880472, 1.17236   , 1.18011222,
       1.18912654, 1.17879245, 1.18887483, 1.18991861, 1.18738727,
       1.62014599]), 'fs_0 - beta_shared': array([-7.54553515e-05, -4.16243877e-04,  1.53573906e-04, -2.33009354e-05,
        6.10344632e-05,  1.70460718e-04]), 'fs_0 - beta(p=7,n=3)': array([[-7.54577552e-05, -4.16247966e-04,  1.53572224e-04,
        -2.33027070e-05,  6.10326071e-05,  1.70456832e-04],
       [-7.54477888e-05, -4.16238188e-04,  1.53576047e-04,
        -2.32972896e-05,  6.10352278e-05,  1.70463376e-04],
       [-7.54544482e-05, -4.16247252e-04,  1.53576127e-04,
        -2.33022640e-05,  6.10355910e-05,  1.70461308e-04],
       ...,
       [-7.54538665e-05, -4.16249282e-04,  1.53573560e-04,
        -2.33054142e-05,  6.10332375e-05,  1.70454667e-04],
       [-7.54589691e-05, -4.16238987e-04,  1.53570317e-04,
        -2.32989722e-05,  6.10327597e-05,  1.70460128e-04],
       [-7.54521370e-05, -4.16189385e-04,  1.53555215e-04,
        -2.33137129e-05,  6.10293895e-05,  1.70434083e-04]]), 'fs_1 - beta_shared': array([ 1.05628097e-02, -1.03576879e-03, -9.08265912e-04,  1.47370074e-03,
       -4.32558606e-03,  1.56117639e-03, -1.42125071e-03,  1.25660905e-03,
       -7.75996332e-04,  2.43974295e-04,  8.11242555e-04,  3.22082065e-03,
        1.20175195e-03,  5.06368718e-03,  3.09571095e-03,  8.97034831e-05,
        2.03094605e-03,  2.63146246e-04,  6.12105060e-03, -5.96812538e-04]), 'fs_1 - beta(p=365.25,n=10)': array([[ 0.01056284, -0.00103585, -0.00090834, ...,  0.00026309,
         0.00612103, -0.00059682],
       [ 0.01056279, -0.00103572, -0.00090824, ...,  0.0002632 ,
         0.00612111, -0.00059685],
       [ 0.01056276, -0.00103565, -0.00090817, ...,  0.00026317,
         0.00612103, -0.00059678],
       ...,
       [ 0.01056284, -0.00103585, -0.00090833, ...,  0.00026313,
         0.00612105, -0.00059677],
       [ 0.01056283, -0.00103582, -0.00090831, ...,  0.00026314,
         0.00612106, -0.00059681],
       [ 0.01056334, -0.00103535, -0.00090799, ...,  0.00026311,
         0.00612062, -0.00059685]])}"
