,0
0,"{'lt_0 - slope': array([0.79592834, 0.50098941, 0.58962612, 0.46632621, 0.67014923,
       0.47231044, 0.65345484, 0.6509835 , 0.56413346, 0.74076088,
       0.60062933, 0.54260899, 0.72623122, 0.6927232 , 0.68798894,
       0.76119413, 0.59024914, 0.74000025, 0.73715416, 0.66134259,
       0.70254473, 0.80036591, 0.4980387 , 0.65738505, 0.71875218,
       0.70246672, 0.69366809, 0.61907293, 0.48824025, 0.56649404,
       0.63670464, 0.72573228, 0.75176138, 0.69466422, 0.61172009,
       0.69546185, 0.79492268, 0.70124122, 0.58415481, 0.63116292,
       0.49368968, 0.78549153, 0.72043803, 0.50764845, 0.64294595,
       0.68099023, 0.80360131, 0.6218552 , 0.59500808, 0.62682488,
       0.59704657, 0.70161026, 0.56771928, 0.78025073, 0.4841754 ,
       0.53854779, 0.68797971, 0.68860373, 0.59599023, 0.68001738,
       0.62008912, 0.7660443 , 0.7811215 , 0.77562315, 0.51157167,
       0.63850285, 0.59818025, 0.71391233, 0.4865097 , 0.5827637 ,
       0.73380511, 0.62094014, 0.55571332, 0.83197634, 0.48858261,
       0.6956393 , 0.61724491, 0.6157151 , 0.51692584, 0.58682651,
       0.77602206, 0.64287027, 0.74313853, 0.47550029, 0.790133  ,
       0.66548573, 0.748225  , 0.66291381, 0.68336696, 0.68436233,
       0.4888894 , 0.65576404, 0.74601261, 0.70248579, 0.8586412 ,
       0.53640939, 0.75874694, 0.64354374, 0.64172493, 0.60395315,
       0.74876501, 0.75224215, 0.67420393, 0.65147698, 0.75279109,
       0.54174289, 0.58871204, 0.45784538, 0.75901121, 0.68804119,
       0.48919263, 0.62926414, 0.7153547 , 0.66455785, 0.75817223,
       0.78457125, 0.65201353, 0.73197358, 0.56334876, 0.75477583,
       0.706708  , 0.72531644, 0.52541822, 0.66997645, 0.75296436,
       0.71130486, 0.69198369, 0.6717263 , 2.76765799, 0.66849181,
       0.70058983, 0.56991743, 0.72024867, 0.69457171, 0.76947107,
       0.72664342, 0.54536423, 0.52604777, 0.5346901 , 0.74248488,
       0.84522554, 0.46881129, 0.64670941, 0.54688361, 0.59441194,
       0.68931598, 0.71195669, 0.84420795, 0.50352022, 0.64268059,
       0.64624886, 0.59946736, 0.61882732, 0.60460398, 0.75157476,
       0.52184639, 0.58309114, 0.54446227, 0.72369462, 0.79614131,
       0.67787202, 0.69847312, 0.70170352, 0.67097584, 0.54179696,
       0.71768362, 0.69202615, 0.59425303, 0.48035858, 0.71061135,
       0.80064752, 0.6200242 , 0.53893267, 0.52114493, 0.50558195,
       0.63314972, 0.65961916, 0.68203411, 0.50777701, 0.55287418,
       0.72831935, 0.69560909, 0.57261993, 0.4996129 , 0.56775715,
       0.52928046, 0.65358935, 0.54999215, 0.7988192 , 0.59996046,
       0.54222094, 0.66382765, 0.66421438, 0.67797015, 0.48140925,
       0.66408279, 0.62238256, 0.68629676, 0.68409495, 0.6537276 ,
       0.75584893, 0.82718404, 0.64833041, 0.75391828, 0.51600545,
       0.693448  , 0.65421988, 0.7040646 , 0.66619036, 0.65666535,
       0.4907697 , 0.49239826, 0.80764249, 0.70444218, 0.76270427,
       0.64539514, 0.53842048, 0.73284901, 0.51091336, 0.74873188,
       0.66807909, 0.77209764, 0.49821296, 0.67346973, 0.63802318,
       0.64107998, 0.7193003 , 0.77148047, 0.68383604, 0.65391615,
       0.60866133, 0.66295451, 0.52946013, 0.58694341, 0.5437184 ,
       0.69375568, 0.49148205, 0.69543103, 0.55948546, 0.77394822,
       0.72541167, 0.55776093, 0.60209775, 0.65111625, 0.78497708,
       0.63266757, 0.75587174, 0.6934851 , 0.71330943, 0.4624238 ,
       0.48510422, 0.48464929, 0.47656387, 0.73015826, 0.56381878,
       0.67121665, 0.59075716, 0.58085638, 0.51561816, 0.731531  ,
       0.7518594 , 0.62517976, 0.69905938, 0.80198996, 0.56444566,
       0.65324039, 0.70403318, 0.60449946, 0.69984662, 0.80601493,
       0.80799355, 0.77613395, 0.67399529, 0.71800299, 0.76591643,
       0.6226837 , 0.53254838, 0.70637773, 0.62779321, 0.65963666,
       0.51135758, 0.40592136, 0.67560726, 0.70131052, 0.64504803,
       0.49119599, 0.62822182, 0.7776402 , 0.66917978, 0.53706071,
       0.77236171, 0.42060827, 0.78233366, 0.67923945, 0.67516201,
       0.62771575, 0.60838996, 0.56168897, 0.65534359, 0.66435949,
       0.66369561, 0.62621273, 0.75040027, 0.4360239 , 0.4383436 ,
       0.67091206, 0.42334442, 0.64643742, 0.58702526, 0.58115595,
       0.58811067, 0.73636677, 0.75306887, 0.7198906 , 0.568431  ,
       0.58183849, 0.64483689, 0.79216661, 0.6648439 , 0.6577079 ,
       0.5035895 , 0.60519943, 0.69862709, 0.75990353, 0.80985139,
       0.65427669, 0.60774639, 0.73584978, 0.72767875, 0.67105337,
       0.50172983, 0.67132478, 0.51672755, 0.60322579, 0.50578345,
       0.48261263, 0.60632625, 0.66090458, 0.49354503, 0.73929442,
       0.70234818, 0.51195217, 0.74718948, 0.45861979, 0.66699528,
       0.50217506, 0.66663279, 0.60746971, 0.68402701, 0.66016163,
       0.73060088, 0.51437659, 0.5094611 , 0.77100505, 0.60838979,
       0.6493857 , 0.46373391, 0.60205405, 0.50679052, 0.62791183,
       0.76893707, 0.68655112, 0.66484401, 0.59976488, 0.79820028,
       0.67831496, 0.63072318, 0.74287906, 0.75497635, 0.54462633,
       0.58073215, 0.51459998, 0.63345021, 0.68829472, 0.48411821,
       0.55926817, 0.76471518, 0.74455334, 0.77953482, 0.7277642 ,
       0.76538217, 0.7937548 , 0.55603774, 0.50607721, 0.71572426,
       0.80137505, 0.47981562, 0.60266514, 0.68916525, 0.77531958,
       0.59637249, 0.57681817, 0.62413403, 0.69582364, 0.50344171,
       0.52284478, 0.67072895, 0.67265907, 0.74998616, 0.60534958,
       0.75863388, 0.49244797, 0.5002049 , 0.49701772, 0.52326332,
       0.7491694 , 0.73785566, 0.76846029, 0.67416654, 0.73245234,
       0.64057569, 0.6976001 , 0.61586542, 0.6009537 , 0.58102468,
       0.45503149, 0.79074545, 0.67794827, 0.63301019, 0.5070213 ,
       0.66343716, 0.78907569, 0.55092056, 0.68075996, 0.43760305,
       0.67150936, 0.58915319, 0.63324901, 0.77789484, 0.71418372,
       0.58939586, 0.51784745, 0.82054717, 0.66245264, 0.72627807,
       0.65027052, 0.75072906, 0.56243608, 0.5088106 , 0.63837596,
       0.73465456, 0.78755046, 0.67616036, 0.50815405, 0.78304662,
       0.64968063, 0.78082115, 0.52785512, 0.6746884 , 0.65373995]), 'lt_0 - intercept': array([0.12656168, 0.31094533, 0.35234448, 0.42006939, 0.26455492,
       0.42340168, 0.30542716, 0.30341915, 0.3965226 , 0.16232591,
       0.34670028, 0.39175075, 0.18517641, 0.23509405, 0.21584661,
       0.17394049, 0.35322413, 0.20753357, 0.21812569, 0.27270766,
       0.16689452, 0.13482531, 0.33793928, 0.29452361, 0.23510051,
       0.19236156, 0.24944869, 0.33476904, 0.42911581, 0.38054751,
       0.30030855, 0.20160234, 0.17467507, 0.20834974, 0.34804484,
       0.26304948, 0.12105336, 0.22138423, 0.3741401 , 0.32343168,
       0.40570285, 0.12209421, 0.19057976, 0.43674072, 0.28192373,
       0.2708758 , 0.07486134, 0.32613867, 0.36869637, 0.32767377,
       0.32946049, 0.2435649 , 0.37997708, 0.16711367, 0.40117252,
       0.36952231, 0.26169676, 0.24531395, 0.33431176, 0.23089908,
       0.33273655, 0.18284838, 0.15854994, 0.14554797, 0.35995312,
       0.32050511, 0.33247802, 0.23005852, 0.42316212, 0.35270171,
       0.20208079, 0.33535691, 0.37819326, 0.05631804, 0.43456888,
       0.2526801 , 0.34124136, 0.33740234, 0.33362738, 0.34406717,
       0.16042642, 0.32468172, 0.18631253, 0.45484147, 0.11071604,
       0.29981017, 0.18909681, 0.23674405, 0.26317762, 0.27763374,
       0.43807676, 0.28722057, 0.16876748, 0.17773246, 0.05337117,
       0.38405059, 0.15587125, 0.26427296, 0.3155324 , 0.3369056 ,
       0.15495868, 0.18125407, 0.28439164, 0.28850372, 0.18262353,
       0.33279899, 0.36617705, 0.47529694, 0.19383079, 0.23839039,
       0.3763282 , 0.32821209, 0.21599602, 0.2764811 , 0.15671062,
       0.14763303, 0.30155061, 0.21886716, 0.37270225, 0.10627647,
       0.18701782, 0.19432958, 0.38292796, 0.28695029, 0.15593139,
       0.21565761, 0.27516015, 0.20121172, 2.89325783, 0.18126751,
       0.20680004, 0.3675657 , 0.23469243, 0.23408075, 0.16896776,
       0.19246155, 0.41313277, 0.41128085, 0.405994  , 0.18223905,
       0.05077926, 0.44652983, 0.29430942, 0.39886635, 0.36664985,
       0.24946409, 0.18487948, 0.09216989, 0.42174288, 0.30549127,
       0.31612339, 0.33210616, 0.34145964, 0.33087455, 0.16098346,
       0.42514036, 0.21759016, 0.41296858, 0.16269663, 0.13301253,
       0.25552051, 0.19374296, 0.1945247 , 0.25922243, 0.36262671,
       0.21184236, 0.25805867, 0.36210623, 0.38451861, 0.17756461,
       0.1355512 , 0.32066591, 0.38000853, 0.41349659, 0.42461656,
       0.31147991, 0.27666135, 0.2664615 , 0.42401389, 0.40619348,
       0.15529921, 0.26632307, 0.35494816, 0.4163561 , 0.3849343 ,
       0.43270414, 0.26517857, 0.40452901, 0.09511373, 0.33022749,
       0.37008383, 0.29849163, 0.2253223 , 0.22389996, 0.37339619,
       0.28760846, 0.29822086, 0.14576972, 0.24727859, 0.30691246,
       0.17147936, 0.09208664, 0.30303041, 0.18909412, 0.30964962,
       0.20081069, 0.29610151, 0.22844448, 0.27498684, 0.28317173,
       0.37020567, 0.447697  , 0.09331665, 0.24372373, 0.16196973,
       0.3064916 , 0.37312699, 0.16138976, 0.41426608, 0.15832061,
       0.28561037, 0.15825616, 0.41498418, 0.27193357, 0.29156364,
       0.27517973, 0.17614037, 0.15059557, 0.22892386, 0.29733079,
       0.33613812, 0.27354023, 0.39252037, 0.37538034, 0.38653535,
       0.266492  , 0.45481815, 0.25948507, 0.38431013, 0.17742743,
       0.20470409, 0.3880226 , 0.34273234, 0.29436486, 0.15447112,
       0.28035761, 0.16378385, 0.26399611, 0.18760873, 0.4277867 ,
       0.41154045, 0.40100259, 0.42381865, 0.19256975, 0.40141352,
       0.26272567, 0.3608564 , 0.37751181, 0.43144131, 0.20060426,
       0.17529861, 0.32395909, 0.24981891, 0.12370693, 0.37115395,
       0.30229742, 0.20030181, 0.35527251, 0.21693068, 0.11150825,
       0.11865744, 0.15903651, 0.27641547, 0.18087169, 0.15268864,
       0.28465388, 0.34991072, 0.24800708, 0.30473077, 0.28722856,
       0.40772292, 0.52530822, 0.28268209, 0.24237467, 0.17658637,
       0.3732968 , 0.33940062, 0.13985421, 0.15415175, 0.32515676,
       0.128299  , 0.50605163, 0.15836451, 0.18628912, 0.2278791 ,
       0.19247468, 0.30397467, 0.35615474, 0.27599145, 0.27755314,
       0.19199563, 0.32445455, 0.1921095 , 0.49111738, 0.49056691,
       0.2198739 , 0.47248305, 0.20142787, 0.37790272, 0.37993115,
       0.37435085, 0.20737419, 0.14219816, 0.1818223 , 0.34450085,
       0.38117905, 0.3173256 , 0.1496789 , 0.27348735, 0.30360812,
       0.43066129, 0.34695855, 0.23992729, 0.1576911 , 0.1147373 ,
       0.31032715, 0.33786808, 0.18745146, 0.1876909 , 0.27203351,
       0.43061878, 0.2756313 , 0.26357278, 0.33291579, 0.42297729,
       0.43557545, 0.306623  , 0.28506716, 0.44034828, 0.20173983,
       0.16689359, 0.40178092, 0.16588919, 0.44536426, 0.2410108 ,
       0.37003022, 0.240459  , 0.34092945, 0.23871534, 0.28406476,
       0.20997025, 0.43784325, 0.43293804, 0.15611772, 0.34606446,
       0.27723897, 0.46201268, 0.31396651, 0.39986292, 0.33530631,
       0.09951335, 0.25290364, 0.28602748, 0.36132108, 0.13180242,
       0.2533016 , 0.301014  , 0.19113073, 0.17003088, 0.40766738,
       0.35355141, 0.20098263, 0.30674978, 0.26961473, 0.38667297,
       0.3518255 , 0.16046552, 0.19859016, 0.12987205, 0.21624389,
       0.14834583, 0.14000831, 0.38206442, 0.39953847, 0.22686969,
       0.11112307, 0.40789269, 0.36231235, 0.26312352, 0.15698173,
       0.34436603, 0.37056348, 0.32034958, 0.25856858, 0.36075812,
       0.4157363 , 0.28928029, 0.25402144, 0.18855016, 0.33387847,
       0.12399665, 0.32584059, 0.34453743, 0.31057065, 0.41063282,
       0.19932527, 0.1545201 , 0.17192784, 0.23471556, 0.21015869,
       0.3154217 , 0.16832072, 0.333591  , 0.35295625, 0.37355989,
       0.43896327, 0.1474707 , 0.26834501, 0.33096322, 0.44542032,
       0.241987  , 0.1024824 , 0.35398111, 0.24649673, 0.47140965,
       0.2759546 , 0.3460297 , 0.22790719, 0.14217122, 0.20728798,
       0.35927806, 0.40238539, 0.08752534, 0.18681016, 0.22151233,
       0.28536879, 0.18588066, 0.38548079, 0.44101873, 0.27987469,
       0.18291068, 0.14919206, 0.2698555 , 0.37347937, 0.14678164,
       0.30155814, 0.16363698, 0.32943253, 0.2260691 , 0.30752777]), 'fs_0 - beta(p=7,n=3)': array([[-4.77798371e-05,  1.64715307e-03,  1.88778594e-05,
         4.91660593e-04,  1.24736113e-04, -1.05351717e-05],
       [-8.13646167e-05,  4.02455916e-05, -2.45050927e-04,
        -2.51868974e-05, -8.84651190e-05,  9.41259105e-05],
       [-4.27892555e-04,  6.05601792e-04, -3.58115373e-04,
        -2.77533392e-04, -7.35863766e-05, -6.12555012e-04],
       ...,
       [ 3.07167526e-04, -2.18806984e-04, -1.68830498e-04,
         9.35272144e-05, -1.81728791e-04,  4.92463536e-05],
       [-1.29538540e-04,  1.05098722e-03, -2.53475307e-04,
         4.92002074e-04, -7.04690530e-05,  1.86994016e-04],
       [-2.03099921e-04,  2.69867315e-03, -2.66643853e-04,
         8.56390580e-04, -4.84343801e-05, -3.32311390e-04]]), 'fs_1 - beta(p=365.25,n=10)': array([[ 1.00660590e-03, -7.03467149e-03, -4.73220461e-03, ...,
         1.10502011e-03,  1.66809057e-03,  2.84247297e-03],
       [ 9.72737509e-03, -1.66809198e-03, -3.86671425e-03, ...,
         1.03838901e-04,  1.72809823e-03, -2.68187257e-05],
       [ 6.21817433e-03, -1.15088221e-03, -9.27302578e-05, ...,
        -2.65818753e-04,  3.81626853e-03,  2.24421019e-03],
       ...,
       [ 9.16587976e-03, -1.46225853e-03, -3.02239505e-03, ...,
         1.53104989e-03,  2.27181910e-03, -1.28648614e-03],
       [ 4.77325794e-03, -4.52531728e-03, -5.50658672e-03, ...,
         3.70037609e-03,  5.37534526e-03,  9.45277406e-04],
       [ 6.06076178e-03, -4.08675210e-03, -4.97735935e-03, ...,
        -1.85168520e-04,  1.70376985e-03,  2.52654155e-03]]), 'sigma_log__': array([-3.77452023, -2.56170024, -4.06958216, -3.10665485, -4.19347214,
       -3.26551332, -4.46377896, -4.56364286, -4.47095556, -3.03931648,
       -4.71369379, -4.01833794, -4.34902905, -4.37980005, -4.13249765,
       -4.66695791, -4.28582822, -4.08001361, -4.54104931, -3.99864613,
       -2.78821606, -4.91788746, -2.65525337, -4.65532294, -4.59546455,
       -2.89817753, -4.10963199, -0.36127752, -4.196359  , -4.67543165,
       -3.78665299, -4.61388511, -3.00389785, -3.18758654, -4.254633  ,
       -4.51534746, -4.46791148, -3.43981663, -4.76699461, -4.8710896 ,
       -3.24754513, -4.49130792, -4.43533392, -4.38116431, -4.18632317,
       -4.65210164, -3.70555771, -4.30706698, -4.76026272, -4.38038224,
       -3.52201213, -4.55490052, -3.98851855, -4.69977028, -3.06597902,
       -3.11865597, -4.95284796, -3.54898041, -3.90533494, -3.76634937,
       -4.17104799, -4.55818855, -4.69953761, -3.04031382, -3.12530824,
       -4.63703405, -3.54740244, -4.61252283, -3.92744936, -4.19431659,
       -4.48734429, -4.55513013, -3.74588106, -4.44251664, -3.72226843,
       -4.77297764, -4.2093854 , -4.10384499, -2.94528779, -3.32038552,
       -4.64922265, -4.54285016, -3.75406022, -4.27503584, -4.4617058 ,
       -4.76493458, -4.64763467, -3.0693679 , -4.69302584, -4.44178885,
       -3.343859  , -4.1121241 , -4.32449762, -3.13441537, -4.46577862,
       -3.316093  , -4.69771511, -3.53729426, -4.53558037, -4.18637751,
       -2.96265094, -4.39111475, -4.42588517, -4.32976744, -4.79823663,
       -2.62078057, -4.12553273, -4.56106834, -4.77826548, -4.54165277,
       -2.91904438, -4.42940892, -4.01734694, -4.15441629, -3.55855729,
       -4.93084128, -4.58875874, -5.05960847, -4.49779231, -3.07646403,
       -3.08808895, -3.92181276, -3.50166154, -4.67156581, -4.34823895,
       -4.47193275, -5.05140197, -2.81136294,  1.50071885, -3.00869662,
       -2.94650702, -4.34800073, -4.8368407 , -4.37280401, -4.53801208,
       -4.41921324, -4.49593884, -4.34855595, -4.3894279 , -3.69869142,
       -3.41158125, -3.81395495, -4.50412658, -4.16065365, -4.1466424 ,
       -4.5170928 , -3.30932046, -4.3468226 , -4.04192771, -4.57941134,
       -4.62300655, -3.94345432, -4.07672023, -4.18368393, -3.45925174,
       -4.34439897, -2.96369466, -4.22945999, -3.09235142, -3.46942756,
       -3.66246339, -3.34208592, -2.86457926, -4.52781363, -3.70114687,
       -3.73399146, -4.77139085, -4.55285067, -2.95562395, -4.37214743,
       -4.51685862, -3.86430603, -4.03781188, -4.25662557, -4.18038436,
       -4.57789931, -3.71009591, -4.47475008, -4.04691959, -4.53534618,
       -3.06354886, -4.30242421, -3.36909181, -4.17337901, -4.70145714,
       -4.9438476 , -3.54101348, -4.42313324, -3.41835674, -4.05292367,
       -3.97188723, -4.84738438, -3.07591639, -3.39462596, -3.00541336,
       -4.68103536, -3.84657354, -3.93462948, -3.97411016, -4.43334105,
       -4.27962773, -4.40180439, -4.4851938 , -4.33239517, -2.90491706,
       -3.46873043, -4.65828716, -4.61266834, -4.27119008, -4.49124725,
       -3.0698695 , -4.46897836, -3.55246518, -4.83294605, -3.30288949,
       -4.72115108, -3.1464989 , -2.90642054, -4.48624735, -2.97473927,
       -4.78443925, -4.80037208, -3.92045936, -4.15440011, -4.57732795,
       -3.24526279, -3.01636052, -4.06610444, -4.15536156, -4.87026462,
       -4.23039748, -4.15163164, -3.81418139, -4.73540527, -4.43008852,
       -4.70351193, -4.66056514, -4.55988308, -4.46680621, -4.74614546,
       -4.24254234, -4.57474745, -4.17591202, -4.53661024, -4.86948001,
       -3.21244697, -4.06602036, -4.74488556, -3.91340461, -2.95563585,
       -3.23958632, -3.51888989, -3.51782469, -3.84329117, -4.729484  ,
       -4.36151516, -4.24029959, -4.37547468, -4.81953064, -4.82566693,
       -3.54538183, -4.1395332 , -4.18790573, -4.50481394, -3.59405882,
       -4.43510201, -3.59715936, -4.4299681 , -4.53778155, -3.42106108,
       -3.56218008, -4.57790361, -4.88336999, -2.95357775, -4.56517777,
       -3.60567369, -3.38311654, -5.03977741, -3.66197993, -4.64389589,
       -4.04120538, -3.75948244, -4.27875194, -4.6597643 , -2.74897721,
       -2.84515397, -4.59518202, -4.57510016, -2.89086738, -3.10816331,
       -4.13116845, -4.22387602, -4.73573734, -2.99807592, -3.32479031,
       -2.88015776, -3.99634469, -3.7917139 , -3.68555113, -4.35752045,
       -2.46332304, -4.64768494, -4.29023289, -3.73352212, -3.87779153,
       -3.76216003, -3.34824575, -1.77366915, -4.67503442, -4.54258686,
       -4.51480909, -4.51415599, -3.05982127, -4.46815008, -3.89076127,
       -4.62652668, -4.70925024, -4.27184679, -3.81700083, -4.83264266,
       -4.67531311, -4.17427142, -4.23809214, -4.0397191 , -4.41363354,
       -4.63055944, -4.23449384, -3.52087363, -4.34390504, -4.50442839,
       -4.31436167, -4.4870557 , -2.31396373, -3.83813381, -3.78922958,
       -4.2167474 , -3.58911831, -4.38249475, -4.13796941, -4.49806097,
       -2.92815476, -3.52838809, -4.24961508, -3.33417344, -3.03467053,
       -3.06656207, -3.25923543, -3.91393644, -4.15489042, -4.30967355,
       -4.6766059 , -4.5039967 , -4.39898336, -4.79259436, -4.77376558,
       -4.39319   , -4.36419522, -3.45955379, -3.89116423, -4.66527456,
       -3.25102798, -4.21019197, -4.49199612, -4.70968818, -4.73819812,
       -4.60881309, -4.31050451, -4.1380275 , -4.57648961, -4.18135851,
       -3.59531832, -1.99173033, -4.31298008, -4.37009767, -2.971288  ,
       -2.97079239, -4.80154355, -4.58278265, -4.87115717, -4.35852688,
       -2.98897015, -4.349647  , -4.10152752, -3.7213765 , -4.13231419,
       -4.49353808, -2.83342601, -4.59388802, -4.71562621, -4.34661738,
       -4.02916061, -4.32985109, -4.41334198, -4.54782142, -2.89412557,
       -4.13048477, -4.17288851, -3.99548288, -4.71201092, -4.08681954,
       -3.29681954, -2.76737599, -2.95317964, -2.68217015, -4.09652205,
       -4.7979432 , -2.93213738, -4.73693026, -3.32659952, -4.27248055,
       -5.04070875, -3.17062442, -4.46057207, -4.65364369, -4.1705072 ,
       -3.10349641, -4.4045009 , -4.6938381 , -4.80692175, -4.65775854,
       -3.59737871, -3.69923552, -3.20814647, -4.85422658, -3.95897636,
       -4.48489095, -4.44819342, -2.81497154, -4.40150901, -4.12509127,
       -4.56125632, -3.78337913, -4.60392228, -2.61320044, -4.40068402,
       -4.74494736, -4.63959495, -4.63969889, -4.40044988, -3.54414186,
       -4.37490638, -4.77946156, -4.62737206, -2.98777111, -4.41251486,
       -4.71132386, -4.71410688, -2.63334528, -3.30973934, -4.74745893]), 'sigma': array([0.0229481 , 0.07717342, 0.01708453, 0.0447504 , 0.01509379,
       0.03817733, 0.01151875, 0.01042402, 0.01143638, 0.0478676 ,
       0.00897158, 0.01798283, 0.01291935, 0.01252786, 0.01604276,
       0.00940082, 0.01376222, 0.01690724, 0.01066221, 0.01834045,
       0.06153088, 0.00731457, 0.07028103, 0.00951084, 0.01009753,
       0.05512359, 0.01641381, 0.6967856 , 0.01505028, 0.0093215 ,
       0.02267136, 0.00991323, 0.04959338, 0.04127136, 0.0141983 ,
       0.0109398 , 0.01147125, 0.03207057, 0.00850591, 0.00766501,
       0.03886951, 0.01120598, 0.01185111, 0.01251078, 0.01520208,
       0.00954153, 0.0245865 , 0.01347301, 0.00856336, 0.01252057,
       0.02953994, 0.01051555, 0.01852714, 0.00909737, 0.04660819,
       0.04421656, 0.00706326, 0.02875394, 0.02013421, 0.02313637,
       0.01543607, 0.01048103, 0.00909948, 0.04781988, 0.04392339,
       0.00968638, 0.02879935, 0.00992674, 0.01969384, 0.01508105,
       0.01125048, 0.01051313, 0.02361481, 0.01176629, 0.02417906,
       0.00845517, 0.0148555 , 0.01650908, 0.05258692, 0.0361389 ,
       0.00956904, 0.01064303, 0.02342245, 0.01391155, 0.01154266,
       0.00852345, 0.00958425, 0.04645051, 0.00915893, 0.01177486,
       0.03530047, 0.01637296, 0.0132402 , 0.04352519, 0.01149574,
       0.03629436, 0.00911608, 0.02909194, 0.01072068, 0.01520125,
       0.05168173, 0.01238691, 0.01196362, 0.01317061, 0.00824427,
       0.07274606, 0.01615489, 0.01045089, 0.00841057, 0.01065578,
       0.05398525, 0.01192153, 0.01800066, 0.01569495, 0.02847988,
       0.00722043, 0.01016547, 0.00634804, 0.01113355, 0.04612205,
       0.04558899, 0.01980516, 0.03014725, 0.00935761, 0.01292956,
       0.01142521, 0.00640035, 0.06012299, 4.4849119 , 0.04935597,
       0.05252285, 0.01293264, 0.00793207, 0.01261582, 0.01069465,
       0.0120437 , 0.0111542 , 0.01292546, 0.01240783, 0.0247559 ,
       0.032989  , 0.02206076, 0.01106325, 0.01559736, 0.01581744,
       0.01092073, 0.036541  , 0.01294789, 0.01756358, 0.01026093,
       0.00982322, 0.01938115, 0.01696301, 0.01524225, 0.03145329,
       0.01297931, 0.05162782, 0.01456025, 0.04539509, 0.03113485,
       0.0256692 , 0.03536312, 0.05700711, 0.01080427, 0.02469519,
       0.02389726, 0.00846859, 0.01053712, 0.05204618, 0.0126241 ,
       0.01092328, 0.02097748, 0.01763602, 0.01417004, 0.01529263,
       0.01027646, 0.02447518, 0.01139307, 0.01747613, 0.01072319,
       0.04672159, 0.01353571, 0.03442088, 0.01540013, 0.00908203,
       0.00712712, 0.02898394, 0.01199659, 0.03276623, 0.01737151,
       0.01883785, 0.00784888, 0.04614732, 0.0335531 , 0.04951828,
       0.00926941, 0.02135278, 0.01955294, 0.01879602, 0.01187475,
       0.01384782, 0.01225521, 0.0112747 , 0.01313605, 0.05475333,
       0.03115656, 0.00948269, 0.0099253 , 0.01396515, 0.01120666,
       0.04642721, 0.01145902, 0.02865392, 0.00796303, 0.03677675,
       0.00890492, 0.04300242, 0.05467107, 0.01126283, 0.05106075,
       0.00835881, 0.00822669, 0.01983198, 0.0156952 , 0.01028233,
       0.03895833, 0.04897915, 0.01714404, 0.01568012, 0.00767134,
       0.01454661, 0.01573872, 0.02205576, 0.00877889, 0.01191344,
       0.00906339, 0.00946111, 0.01046328, 0.01148393, 0.00868511,
       0.01437101, 0.0103089 , 0.01536118, 0.01070965, 0.00767736,
       0.04025798, 0.01714549, 0.00869606, 0.01997239, 0.05204556,
       0.0391801 , 0.02963231, 0.02966389, 0.02142298, 0.00883103,
       0.01275904, 0.01440328, 0.01258217, 0.00807057, 0.0080212 ,
       0.0288576 , 0.01593029, 0.01517804, 0.01105565, 0.02748654,
       0.01185386, 0.02740145, 0.01191487, 0.01069711, 0.03267774,
       0.02837689, 0.01027642, 0.00757146, 0.05215278, 0.01040803,
       0.02716913, 0.03394151, 0.00647519, 0.02568161, 0.00962015,
       0.01757627, 0.02329579, 0.01385995, 0.00946869, 0.06399328,
       0.05812532, 0.01010038, 0.01030527, 0.05552803, 0.04468295,
       0.0160641 , 0.01464178, 0.00877598, 0.04988295, 0.03598006,
       0.05612591, 0.01838271, 0.02255691, 0.02508335, 0.01281011,
       0.08515152, 0.00958376, 0.01370173, 0.02390848, 0.02069648,
       0.0232335 , 0.03514595, 0.16970916, 0.0093252 , 0.01064583,
       0.01094569, 0.01095285, 0.04689608, 0.01146851, 0.02042979,
       0.0097887 , 0.00901153, 0.01395599, 0.02199366, 0.00796544,
       0.00932261, 0.0153864 , 0.01443511, 0.01760242, 0.01211109,
       0.0097493 , 0.01448714, 0.02957359, 0.01298572, 0.01105991,
       0.01337508, 0.01125373, 0.09886859, 0.02153375, 0.02261302,
       0.01474653, 0.02762267, 0.01249415, 0.01595522, 0.01113056,
       0.05349566, 0.02935219, 0.01426973, 0.03564404, 0.0480905 ,
       0.04658102, 0.03841776, 0.01996177, 0.01568751, 0.01343794,
       0.00931056, 0.01106469, 0.01228983, 0.00829092, 0.00844851,
       0.01236123, 0.01272489, 0.03144379, 0.02042156, 0.00941666,
       0.03873437, 0.01484352, 0.01119827, 0.00900759, 0.00875441,
       0.00996364, 0.01342677, 0.01595429, 0.01029096, 0.01527774,
       0.02745194, 0.1364591 , 0.01339358, 0.01265   , 0.05123727,
       0.05126267, 0.00821705, 0.0102264 , 0.00766449, 0.01279723,
       0.05033925, 0.01291137, 0.01654738, 0.02420063, 0.0160457 ,
       0.01118101, 0.05881102, 0.01011346, 0.00895426, 0.01295055,
       0.01778926, 0.01316951, 0.01211462, 0.01059025, 0.0553474 ,
       0.01607508, 0.01540769, 0.01839856, 0.00898669, 0.01679256,
       0.03700066, 0.06282665, 0.05217355, 0.06841452, 0.01663041,
       0.00824669, 0.05328303, 0.00876551, 0.03591503, 0.01394714,
       0.00646916, 0.04197738, 0.01155575, 0.00952683, 0.01544442,
       0.04489197, 0.0122222 , 0.00915149, 0.00817298, 0.0094877 ,
       0.02739544, 0.02474243, 0.04043148, 0.00779536, 0.01908264,
       0.01127812, 0.01169968, 0.05990642, 0.01225883, 0.01616202,
       0.01044892, 0.0227457 , 0.01001249, 0.07329958, 0.01226894,
       0.00869552, 0.00966161, 0.00966061, 0.01227182, 0.02889341,
       0.01258932, 0.00840052, 0.00978043, 0.05039965, 0.01212465,
       0.00899286, 0.00896787, 0.07183774, 0.03652569, 0.00867371])}"
