,0
0,"{'lt_0 - slope': array([1.73901144, 1.73202483, 1.76493815, 1.75298256, 1.76745243,
       1.76357491, 1.7675012 , 1.76534846, 1.76030899, 1.76014291,
       1.74225072, 1.73439525, 1.72288143, 1.73370697, 1.75553427,
       1.74619465, 1.7722511 , 1.76926675, 1.75381826, 1.74631081,
       1.77186572, 1.77225221, 1.75743567, 1.72773891, 1.7637799 ,
       1.73001597, 1.76300076, 1.74265953, 1.76932972, 1.73726153,
       1.74729641, 1.73775694, 1.77053536, 1.76108655, 1.76532412,
       1.76448876, 1.76606918, 1.74509021, 1.73270617, 1.75071584,
       1.76875983, 1.72681554, 1.7287084 , 1.73084777, 1.76172501,
       1.7787443 , 1.72845532, 1.75478267, 1.73872304, 1.73142212,
       1.77378991, 1.75795997, 1.74102708, 1.74997828, 1.7393982 ,
       1.74428077, 1.78493325, 1.76877799, 1.74855382, 1.74764008,
       1.73570995, 1.75497315, 1.73815596, 1.7546094 , 1.74593015,
       1.72450221, 1.76645343, 1.76321984, 1.73544863, 1.76543235,
       1.72770994, 1.75584667, 1.73521895, 1.73556051, 1.76056428,
       1.77015185, 1.74045881, 1.77169444, 1.77290185, 1.77006045,
       1.73465122, 1.73114654, 1.73405183, 1.76231149, 1.73088283,
       1.73086959, 1.7315211 , 1.77759871, 1.76678932, 1.76154623,
       1.73570348, 1.74085049, 1.72576782, 1.7602301 , 1.73045174,
       1.76800082, 1.74097301, 1.74665552, 1.72860444, 1.75520722,
       1.73916973, 1.76628193, 1.75015785, 1.74569621, 1.75820244,
       1.76377149, 1.75322288, 1.73611491, 1.72753144, 1.74714793,
       1.76490495, 1.77772889, 1.75477349, 1.76337577, 1.73882722,
       1.74374534, 1.75955895, 1.76648607, 1.75065592, 1.75429778,
       1.75340147, 1.76876515, 1.76098796, 1.72776738, 1.72912891,
       1.74688723, 1.74732033, 1.75361588, 1.76936183, 1.76667505,
       1.76622619, 1.75014337, 1.73628126, 1.76401054, 1.73341779,
       1.76875321, 1.77150975, 1.75255217, 1.74128583, 1.76939479,
       1.72722705, 1.72579545, 1.73132275, 1.76136624, 1.73020905,
       1.72415735, 1.74779448, 1.74830678, 1.75783034, 1.76716483,
       1.74242055, 1.73819584, 1.74360684, 1.75906453, 1.7545714 ,
       1.77192829, 1.74183518, 1.75788876, 1.73224885, 1.76875227,
       1.73398798, 1.74234253, 1.72326086, 1.77457682, 1.76355129,
       1.77111344, 1.77344403, 1.76602094, 1.7470909 , 1.7671958 ,
       1.72320222, 1.73377379, 1.74405669, 1.74960686, 1.74769528,
       1.77060893, 1.74058923, 1.76423092, 1.75569911, 1.75049881,
       1.76230883, 1.76147544, 1.75083179, 1.77244853, 1.75351911,
       1.74132383, 1.74971864, 1.72656375, 1.74832932, 1.77199215,
       1.75212705, 1.74313378, 1.76003191, 1.75902622, 1.74260746,
       1.73515948, 1.76913543, 1.75846752, 1.76264916, 1.72938929,
       1.76494504, 1.7451509 , 1.76993635, 1.76022377, 1.74794843,
       1.76382889, 1.73343342, 1.73007602, 1.74551817, 1.76003167,
       1.72794608, 1.74302386, 1.76368558, 1.74189186, 1.74184193,
       1.73555447, 1.73984922, 1.73169755, 1.73581435, 1.74567644,
       1.77172293, 1.77041368, 1.73375087, 1.76741356, 1.7339521 ,
       1.72461207, 1.74720337, 1.74635359, 1.73013737, 1.75637405,
       1.74347359, 1.74407027, 1.74092159, 1.75699935, 1.77060501,
       1.75238397, 1.73456946, 1.74378664, 1.75574817, 1.78111945,
       1.77616589, 1.73110532, 1.76579654, 1.72611264, 1.73877488,
       1.7696    , 1.73087587, 1.73659034, 1.74783209, 1.77008295,
       1.77291264, 1.7691289 , 1.73766893, 1.73571182, 1.76084551,
       1.75415608, 1.75310454, 1.74704548, 1.76057409, 1.78311494,
       1.73750009, 1.76973821, 1.75901787, 1.73413909, 1.76245032,
       1.76326512, 1.75938482, 1.76633055, 1.75803011, 1.73967383,
       1.74416012, 1.74308062, 1.75817205, 1.76058798, 1.76547557,
       1.76746103, 1.75789634, 1.7644406 , 1.72715583, 1.76138042,
       1.76916033, 1.73440861, 1.76452389, 1.7502336 , 1.73045238,
       1.75733185, 1.76863708, 1.75181431, 1.7661314 , 1.74524875,
       1.74612386, 1.75217388, 1.74375919, 1.73099847, 1.74008857,
       1.76938578, 1.76114959, 1.75545231, 1.7626205 , 1.76244757,
       1.73407771, 1.73785094, 1.72146999, 1.72508065, 1.72490517,
       1.73092237, 1.75042385, 1.76212378, 1.76695122, 1.76100206,
       1.73680476, 1.7562399 , 1.73796282, 1.74934118, 1.74327002,
       1.75820845, 1.73339972, 1.75942017, 1.74508482, 1.73597533,
       1.73344017, 1.72595244, 1.75681262, 1.76831595, 1.76027713,
       1.72181744, 1.75667209, 1.76399819, 1.74059006, 1.77015622,
       1.77224611, 1.73672585, 1.74608504, 1.78087946, 1.7519485 ,
       1.74259908, 1.75384859, 1.75637583, 1.72670576, 1.76798412,
       1.7713763 , 1.73264219, 1.76619399, 1.76258087, 1.73844885,
       1.77183358, 1.77046546, 1.76115385, 1.73771399, 1.75163903,
       1.74900116, 1.74268815, 1.76811366, 1.77890906, 1.77375572,
       1.75114308, 1.73459425, 1.76047062, 1.72827769, 1.76727886,
       1.77774455, 1.73465159, 1.72598981, 1.74251521, 1.72606377,
       1.73642659, 1.76776034, 1.74176294, 1.76378639, 1.7708694 ,
       1.76228469, 1.77347421, 1.76383569, 1.75427418, 1.77029037,
       1.74460914, 1.76108937, 1.74452102, 1.73168249, 1.77174703,
       1.76877405, 1.77016182, 1.75500727, 1.74788808, 1.75155129,
       1.77220195, 1.73048514, 1.73429248, 1.72914043, 1.75658848,
       1.77659374, 1.7656021 , 1.75807587, 1.76872966, 1.73648187,
       1.75572344, 1.75402263, 1.75816179, 1.73817547, 1.73968573,
       1.77112338, 1.76563758, 1.75617984, 1.77128611, 1.73536324,
       1.75907526, 1.74199053, 1.76360655, 1.76395262, 1.73303214,
       1.74128557, 1.75890565, 1.72160135, 1.76147371, 1.72694115,
       1.76002134, 1.72707031, 1.77203546, 1.74032719, 1.75443828,
       1.76292469, 1.75250914, 1.73995696, 1.72447854, 1.72672779,
       1.76484215, 1.73215135, 1.73064968, 1.75471975, 1.73241115,
       1.75487523, 1.74704433, 1.75654191, 1.74546874, 1.73542275,
       1.72571259, 1.74585648, 1.76080356, 1.73482667, 1.76723154,
       1.76741225, 1.73915418, 1.76746078, 1.78058964, 1.75443898]), 'lt_0 - intercept': array([-0.75387464, -0.74723491, -0.78393791, -0.7713915 , -0.78292159,
       -0.78042269, -0.78920389, -0.78541121, -0.78021317, -0.77816933,
       -0.75701428, -0.75004954, -0.7379508 , -0.74795564, -0.77297294,
       -0.7631785 , -0.78873493, -0.78810535, -0.77101252, -0.76264519,
       -0.78531879, -0.78707824, -0.77282856, -0.74378315, -0.77852787,
       -0.74764836, -0.76501475, -0.76494483, -0.78769816, -0.75782668,
       -0.76236236, -0.75430509, -0.78356789, -0.78150239, -0.78161732,
       -0.78411002, -0.78406096, -0.7644074 , -0.7456101 , -0.76678905,
       -0.78564425, -0.74232666, -0.74433292, -0.74704941, -0.7810134 ,
       -0.79335534, -0.74115183, -0.7736095 , -0.75647269, -0.75061672,
       -0.79195024, -0.77447264, -0.75953396, -0.76780458, -0.75327715,
       -0.76164819, -0.79854462, -0.78330219, -0.76735061, -0.76455397,
       -0.7504166 , -0.77112833, -0.74972898, -0.76994509, -0.75644342,
       -0.7400048 , -0.78376637, -0.78580003, -0.75067351, -0.77837164,
       -0.74386153, -0.7716969 , -0.74618178, -0.75538828, -0.77637386,
       -0.78640009, -0.75541517, -0.78359282, -0.78751187, -0.78809872,
       -0.75152378, -0.74862099, -0.74961521, -0.78549106, -0.75008485,
       -0.74541263, -0.74710891, -0.79439826, -0.78493893, -0.77834958,
       -0.75660212, -0.75743419, -0.7398533 , -0.77539256, -0.74373304,
       -0.78431703, -0.75577004, -0.7659713 , -0.7455293 , -0.77077385,
       -0.7529568 , -0.78419685, -0.76629968, -0.76244343, -0.77457607,
       -0.7793674 , -0.77063654, -0.75180629, -0.74287246, -0.76466114,
       -0.78153373, -0.79678271, -0.77156147, -0.78198261, -0.75539546,
       -0.75858397, -0.77841565, -0.78474245, -0.76927553, -0.7717651 ,
       -0.77069806, -0.78236127, -0.77863081, -0.74293064, -0.74336659,
       -0.76436224, -0.76427637, -0.77350531, -0.78777654, -0.78549956,
       -0.78418862, -0.77027563, -0.74795361, -0.77717375, -0.7493096 ,
       -0.78476551, -0.78689219, -0.77088846, -0.76071668, -0.78635312,
       -0.74354272, -0.73985258, -0.7456675 , -0.77896413, -0.74235472,
       -0.74058504, -0.76059723, -0.76260633, -0.77556958, -0.78446427,
       -0.76390151, -0.75173157, -0.76137946, -0.77193469, -0.774089  ,
       -0.79091729, -0.75511297, -0.77032746, -0.75146704, -0.78799053,
       -0.74751395, -0.75752761, -0.74295267, -0.7883172 , -0.78176051,
       -0.78953427, -0.78390696, -0.78537136, -0.75874098, -0.78552857,
       -0.73748008, -0.74768903, -0.76666161, -0.77119112, -0.76378898,
       -0.7838725 , -0.75870049, -0.783293  , -0.77109892, -0.76851621,
       -0.77813967, -0.78039128, -0.76505473, -0.79024497, -0.76743143,
       -0.76063204, -0.7709111 , -0.74289872, -0.76558675, -0.79191256,
       -0.76902515, -0.75905012, -0.77700717, -0.77755286, -0.75610601,
       -0.75096328, -0.78646486, -0.77420091, -0.77972709, -0.74993886,
       -0.78331866, -0.75810375, -0.78540501, -0.77166121, -0.76854855,
       -0.78084183, -0.74809133, -0.74487886, -0.7583548 , -0.77583993,
       -0.74178078, -0.76678666, -0.78340997, -0.76173055, -0.7580647 ,
       -0.75318572, -0.75996623, -0.74900234, -0.75078408, -0.7672104 ,
       -0.78535658, -0.78608184, -0.75077789, -0.78735015, -0.7498369 ,
       -0.74270066, -0.76366065, -0.76442979, -0.74547633, -0.77007354,
       -0.75890667, -0.75940994, -0.75559734, -0.77171774, -0.78527046,
       -0.76720814, -0.74993641, -0.76465088, -0.76878798, -0.7968524 ,
       -0.79471061, -0.74938988, -0.78633981, -0.73990586, -0.75329863,
       -0.78478494, -0.74450809, -0.7494731 , -0.7685855 , -0.78270838,
       -0.7901651 , -0.78630596, -0.751272  , -0.75121852, -0.77834755,
       -0.77571618, -0.77131572, -0.76539604, -0.77664737, -0.79709832,
       -0.75500975, -0.79109748, -0.77845463, -0.75061586, -0.77850233,
       -0.78520993, -0.78207291, -0.78274858, -0.77760374, -0.75887378,
       -0.75902363, -0.75746564, -0.77477067, -0.77428093, -0.78381106,
       -0.78525795, -0.77382323, -0.77904059, -0.74814704, -0.77844777,
       -0.78886589, -0.7458141 , -0.77634178, -0.76795645, -0.74673919,
       -0.77400651, -0.77873902, -0.77044503, -0.78628383, -0.76108292,
       -0.76566558, -0.77254934, -0.76020304, -0.74646674, -0.75375534,
       -0.78686053, -0.77597558, -0.77103656, -0.77572544, -0.78100386,
       -0.74730546, -0.74991001, -0.7390441 , -0.74145342, -0.74094491,
       -0.74376793, -0.7629329 , -0.78096363, -0.78237353, -0.7799149 ,
       -0.75312636, -0.77229457, -0.75534896, -0.768164  , -0.76127056,
       -0.7783454 , -0.75021411, -0.78047665, -0.76322971, -0.75367502,
       -0.75114977, -0.74143324, -0.77077438, -0.78872351, -0.78148745,
       -0.73663771, -0.7730727 , -0.78232961, -0.75415261, -0.78309818,
       -0.79123894, -0.75378275, -0.76024262, -0.79754915, -0.76947478,
       -0.75478466, -0.76829352, -0.76832098, -0.74253861, -0.78550567,
       -0.78971311, -0.74862823, -0.7853119 , -0.7781581 , -0.75699132,
       -0.78563836, -0.79134956, -0.77827015, -0.75192041, -0.76993235,
       -0.76283508, -0.76055248, -0.78556467, -0.79476323, -0.79178221,
       -0.76960093, -0.74907459, -0.77476392, -0.74349057, -0.7841488 ,
       -0.7932017 , -0.74702516, -0.74418866, -0.75959926, -0.739341  ,
       -0.74968551, -0.78444098, -0.75791837, -0.78426689, -0.78714397,
       -0.78182351, -0.78780538, -0.77838227, -0.76846455, -0.78690619,
       -0.76364677, -0.77536098, -0.75984295, -0.74340964, -0.78746178,
       -0.78685409, -0.78816611, -0.77213053, -0.76588457, -0.76649134,
       -0.78841256, -0.7476963 , -0.75203245, -0.74615619, -0.77357254,
       -0.79147367, -0.78597432, -0.77565676, -0.78520909, -0.75299146,
       -0.77321894, -0.77332277, -0.77726141, -0.75231758, -0.75307392,
       -0.78975278, -0.78415454, -0.77068684, -0.7904256 , -0.75156427,
       -0.77532234, -0.76114503, -0.78303049, -0.7813021 , -0.74975221,
       -0.75853977, -0.77609466, -0.73908947, -0.78289612, -0.74592994,
       -0.77830841, -0.74549966, -0.78324081, -0.75564273, -0.77289333,
       -0.78244968, -0.77494786, -0.75185597, -0.73959644, -0.74371467,
       -0.78548869, -0.74698079, -0.74903718, -0.77553342, -0.74719577,
       -0.77648913, -0.76219381, -0.77523829, -0.75999756, -0.75253733,
       -0.73992532, -0.76474636, -0.78084787, -0.75416453, -0.78167579,
       -0.78302279, -0.75223398, -0.78481891, -0.79632451, -0.77603573]), 'fs_0 - beta(p=7,n=3)': array([[ 2.17262711e-04,  8.75537465e-05, -1.92608171e-04,
         2.25379026e-04, -2.63454191e-04, -2.76290639e-04],
       [ 1.11947207e-04, -2.64817823e-04,  2.27876703e-05,
         1.82265339e-05, -8.13111159e-05, -1.26008983e-04],
       [ 1.74733681e-04,  2.04400582e-04, -7.85922693e-05,
        -4.69781187e-05, -4.62559579e-05, -1.83460855e-04],
       ...,
       [ 3.33871692e-04,  4.51601444e-04, -8.37840900e-05,
         5.12843851e-05, -4.51053677e-05, -1.25602955e-04],
       [-8.67191406e-05,  7.77274729e-04, -2.45216038e-04,
        -1.82951370e-04,  7.29256228e-05, -1.08830878e-04],
       [ 3.32784760e-04,  5.39630966e-04,  1.93362006e-06,
         6.66571413e-05,  5.20732828e-05,  5.75480505e-05]]), 'fs_1 - beta(p=365.25,n=10)': array([[ 7.73213809e-03,  3.12459797e-04, -1.67350475e-03, ...,
        -3.98432735e-04, -3.32066248e-03,  1.49882793e-03],
       [ 7.47531356e-03,  8.87303470e-04, -1.17251717e-04, ...,
         1.93675273e-03,  3.53720412e-04,  1.12616505e-03],
       [ 5.29744393e-03, -3.24632540e-03, -5.34935344e-04, ...,
        -8.34261876e-05, -3.95466649e-03,  3.91332179e-03],
       ...,
       [ 4.86600290e-03, -3.49407188e-03, -1.10002935e-03, ...,
         5.69198508e-04, -4.38012934e-03,  2.71733500e-03],
       [ 1.81511959e-03, -4.23655346e-03, -4.55944028e-05, ...,
        -5.07220034e-04, -4.11763807e-04, -4.52215502e-03],
       [ 6.79060448e-03, -2.08455857e-03, -1.24251602e-03, ...,
         3.90408120e-04, -7.80616311e-04,  4.64019385e-03]]), 'sigma_log__': array([-6.45488   , -5.73168134, -6.10123209, -5.32966159, -6.68582434,
       -5.8118735 , -6.07949435, -5.97934456, -5.77827261, -6.26119663,
       -6.05913032, -6.18071778, -6.14376575, -5.50364127, -5.77052874,
       -5.65974072, -6.38017799, -6.65232958, -5.67650707, -5.83883055,
       -6.42448233, -6.25376998, -5.11572326, -6.12365202, -5.47246554,
       -5.88644167, -5.75081996, -5.82593305, -5.54963361, -5.72459209,
       -4.82161384, -5.21102789, -5.64551161, -6.87060123, -5.77831239,
       -6.09112183, -6.52160899, -6.33811131, -6.09202073, -5.81052661,
       -6.48532999, -5.70032576, -5.44959466, -5.46641921, -6.08454418,
       -6.45770283, -6.20386773, -5.66488129, -5.38287023, -6.05159354,
       -6.54210483, -6.23513199, -5.98841502, -5.42715141, -5.57144389,
       -5.68455251, -6.07620731, -6.27555577, -5.80820286, -6.35802516,
       -5.89108611, -5.86936387, -5.33115075, -5.34603706, -5.61417479,
       -6.34083343, -6.38340637, -6.23626576, -5.29722947, -6.29922898,
       -6.11995699, -5.66519337, -5.47891807, -5.68049512, -6.13281377,
       -5.68272444, -5.85505825, -6.37585539, -6.32990179, -6.4523574 ,
       -5.96621125, -6.00053967, -6.15063168, -6.67105649, -6.02084444,
       -5.82673453, -5.97963442, -6.68335364, -5.51974991, -6.02326678,
       -6.10572888, -5.94651815, -5.66850227, -6.03520487, -5.61569571,
       -6.67848637, -5.57742493, -6.48280261, -6.28979591, -5.71505885,
       -6.07409966, -5.58169282, -6.0956612 , -5.51762493, -6.13349703,
       -5.83957442, -5.72444607, -6.66694745, -5.80448116, -5.45270561,
       -6.12087793, -5.92879402, -5.65070981, -5.69615476, -5.77672373,
       -6.10045463, -5.78265079, -6.2990254 , -5.40799357, -5.6367917 ,
       -5.99173546, -5.60378987, -6.14165031, -5.91332963, -6.0070396 ,
       -5.44761252, -6.14827806, -5.7949388 , -6.58505124, -6.28168358,
       -5.6478349 , -5.3519401 , -5.68519014, -5.73629713, -5.85888404,
       -5.91333057, -6.51182754, -6.11311531, -6.26461999, -6.13906882,
       -5.58966325, -5.93656635, -5.35564463, -6.37007391, -5.87207725,
       -5.79084256, -5.93560639, -5.54318228, -5.34247652, -5.94612231,
       -5.32334181, -5.70964688, -5.46228422, -5.780709  , -6.10158525,
       -6.01468725, -5.70926705, -6.38387096, -5.77844443, -6.46636095,
       -5.90760154, -6.22166756, -6.04626159, -6.01820509, -6.12883303,
       -6.05135423, -5.60463661, -6.75297249, -5.57258192, -6.35950595,
       -6.07806721, -5.57833838, -5.19226713, -5.2080436 , -5.29922201,
       -6.51552272, -5.21699036, -6.91635228, -5.93450042, -6.27646674,
       -6.41267698, -6.17334954, -5.88390055, -6.50905199, -5.43182908,
       -6.13923745, -5.65354387, -6.19546265, -6.03602982, -6.61555799,
       -5.57308263, -6.31684861, -5.65083093, -5.54168132, -5.05624914,
       -6.43219259, -5.92400916, -6.04958365, -5.94489396, -5.39434336,
       -6.08342515, -5.25138608, -6.67360021, -5.99754125, -5.61660547,
       -5.88826211, -6.24056576, -6.13905346, -5.8729965 , -6.15799631,
       -5.77560225, -5.83920609, -5.95574531, -6.06592946, -6.32949529,
       -5.96925874, -5.66722605, -6.15391294, -6.1001804 , -5.67751715,
       -6.40171483, -6.72183042, -6.21163574, -6.27941599, -5.86365849,
       -6.43573451, -5.23830628, -5.24369026, -6.62899348, -5.99243773,
       -5.43750231, -6.07703743, -6.3979575 , -5.23592749, -6.54021994,
       -6.10204738, -5.61174678, -5.29746627, -5.43691942, -6.38643005,
       -6.27842499, -5.81902733, -5.80334907, -5.72619073, -5.39544858,
       -5.985336  , -6.21390721, -5.82172448, -5.86563604, -6.43833615,
       -5.95867458, -6.19738075, -5.21676006, -5.72505702, -5.61777786,
       -5.53328352, -5.33788657, -5.82050074, -5.72162948, -6.26384724,
       -5.28707443, -6.62729724, -5.94504719, -6.21838188, -6.05352469,
       -6.42312186, -6.15595014, -5.92007712, -6.07064127, -5.94980776,
       -5.92184874, -5.68351361, -6.04071154, -5.41114658, -5.4207754 ,
       -6.64248606, -5.39622251, -5.86515625, -6.43079375, -6.18737422,
       -5.99382513, -6.21052477, -5.93574377, -6.03601948, -5.29278645,
       -5.85930073, -6.78061953, -5.64569036, -6.34688485, -5.78838   ,
       -5.78840705, -5.22215953, -5.84843419, -6.14142105, -5.76118974,
       -6.42160207, -5.71954864, -5.19148594, -5.410112  , -6.12969122,
       -5.83798611, -5.6962709 , -6.22544526, -5.64453873, -6.2163888 ,
       -6.52739063, -5.97963534, -5.48916886, -5.96752525, -5.71262688,
       -5.95941524, -5.75742454, -5.59801045, -5.47337187, -5.50105337,
       -5.65968834, -6.07739721, -6.21010643, -5.71720762, -6.20784973,
       -6.40829203, -6.32011805, -5.78708961, -6.35113207, -5.80692555,
       -5.97091506, -5.73527551, -6.01761851, -5.4080387 , -5.88820721,
       -6.66045188, -5.30286641, -5.34675864, -5.48916508, -5.42462948,
       -5.8584582 , -6.07069546, -6.24493137, -6.10527917, -5.93646923,
       -6.41571144, -5.70473034, -6.36782217, -5.43735091, -5.90498916,
       -6.12450028, -6.44769943, -5.50577514, -5.4318707 , -4.75972708,
       -5.98173259, -5.48510678, -6.18022191, -6.19347689, -6.61929785,
       -5.45140504, -5.76833276, -6.20068622, -6.32273064, -6.18843934,
       -6.23139356, -5.68040844, -6.14958759, -5.36197235, -5.78727511,
       -5.72249773, -6.26315285, -6.35266985, -5.37828934, -6.54934036,
       -5.68775444, -5.94521309, -5.4774681 , -5.39442074, -6.00236009,
       -6.18309336, -6.09811351, -5.45200604, -6.06867452, -5.88410518,
       -6.50492191, -6.44134974, -5.67218896, -5.61218684, -5.78836773,
       -6.4420071 , -6.0240631 , -6.12162612, -6.25460867, -5.6264077 ,
       -6.7306327 , -6.30650984, -5.30070427, -5.84411471, -5.64027452,
       -6.10636507, -5.25708662, -5.99439152, -5.56259073, -5.1990499 ,
       -6.61304863, -5.23430043, -6.00892731, -6.62511037, -6.11779087,
       -5.71289067, -5.67609343, -5.91485934, -5.45052705, -6.19905964,
       -5.661729  , -6.27863949, -6.27457521, -5.30989328, -6.1426148 ,
       -5.65602017, -6.42110526, -5.98291088, -5.89741581, -5.56758545,
       -6.18742533, -5.69208845, -6.3184542 , -5.74300496, -6.34592073,
       -6.66322197, -5.5011088 , -6.71708988, -6.03166755, -6.31556934,
       -6.26263161, -5.91994637, -5.92864995, -5.30328438, -6.07774333,
       -5.48497236, -5.89849317, -5.30612546, -6.29142039, -5.85486372,
       -6.39943278, -5.5015602 , -6.00885421, -6.49660116, -6.12453553]), 'sigma': array([0.00157283, 0.00324162, 0.00224011, 0.00484571, 0.00124849,
       0.00299182, 0.00228933, 0.00253048, 0.00309406, 0.00190896,
       0.00233643, 0.00206894, 0.00214682, 0.00407192, 0.00311811,
       0.00348342, 0.00169482, 0.00129101, 0.0034255 , 0.00291225,
       0.00162137, 0.00192319, 0.00600164, 0.00219044, 0.00420086,
       0.00277684, 0.00318017, 0.00295005, 0.00388888, 0.00326468,
       0.00805378, 0.00545606, 0.00353334, 0.00103785, 0.00309393,
       0.00226287, 0.0014713 , 0.00176764, 0.00226084, 0.00299585,
       0.00152566, 0.00334488, 0.00429805, 0.00422634, 0.0022778 ,
       0.00156839, 0.0020216 , 0.00346556, 0.00459462, 0.00235411,
       0.00144145, 0.00195937, 0.00250764, 0.0043956 , 0.00380498,
       0.00339805, 0.00229687, 0.00188174, 0.00300282, 0.00173279,
       0.00276397, 0.00282467, 0.0048385 , 0.004767  , 0.00364582,
       0.00176283, 0.00168936, 0.00195715, 0.00500544, 0.00183772,
       0.00219855, 0.00346448, 0.00417384, 0.00341187, 0.00217047,
       0.00340427, 0.00286537, 0.00170216, 0.00178221, 0.0015768 ,
       0.00256394, 0.00247741, 0.00213213, 0.00126706, 0.00242762,
       0.00294769, 0.00252975, 0.00125157, 0.00400685, 0.00242175,
       0.00223006, 0.00261493, 0.00345303, 0.00239301, 0.00364028,
       0.00125768, 0.00378229, 0.00152952, 0.00185514, 0.00329596,
       0.00230172, 0.00376618, 0.00225262, 0.00401537, 0.00216898,
       0.00291008, 0.00326516, 0.00127228, 0.00301402, 0.0042847 ,
       0.00219653, 0.00266169, 0.00351502, 0.00335886, 0.00309885,
       0.00224185, 0.00308054, 0.0018381 , 0.00448062, 0.00356429,
       0.00249932, 0.00368388, 0.00215137, 0.00270317, 0.00246136,
       0.00430657, 0.00213716, 0.00304292, 0.00138086, 0.00187025,
       0.00352514, 0.00473895, 0.00339589, 0.00322669, 0.00285443,
       0.00270317, 0.00148576, 0.00221364, 0.00190244, 0.00215693,
       0.00373629, 0.00264108, 0.00472142, 0.00171203, 0.00281702,
       0.00305541, 0.00264362, 0.00391405, 0.00478401, 0.00261596,
       0.00487643, 0.00331384, 0.00424385, 0.00308653, 0.00223932,
       0.00244261, 0.0033151 , 0.00168857, 0.00309352, 0.00155487,
       0.0027187 , 0.00198593, 0.00236669, 0.00243403, 0.00217912,
       0.00235467, 0.00368076, 0.0011674 , 0.00380065, 0.00173022,
       0.0022926 , 0.00377884, 0.00555939, 0.00547237, 0.00499548,
       0.00148028, 0.00542363, 0.00099144, 0.00264654, 0.00188003,
       0.00164063, 0.00208424, 0.00278391, 0.00148989, 0.00437509,
       0.00215657, 0.00350507, 0.00203866, 0.00239103, 0.00133937,
       0.00379875, 0.00180562, 0.0035146 , 0.00391993, 0.00636941,
       0.00160892, 0.00267446, 0.00235884, 0.00261918, 0.0045422 ,
       0.00228035, 0.00524025, 0.00126384, 0.00248485, 0.00363697,
       0.00277179, 0.00194875, 0.00215696, 0.00281443, 0.00211649,
       0.00310233, 0.00291115, 0.00259091, 0.0023206 , 0.00178293,
       0.00255614, 0.00345744, 0.00212515, 0.00224246, 0.00342204,
       0.00165871, 0.00120433, 0.00200595, 0.00187449, 0.00284083,
       0.00160323, 0.00530924, 0.00528073, 0.00132149, 0.00249757,
       0.00435034, 0.00229497, 0.00166495, 0.00532189, 0.00144417,
       0.00223828, 0.00365468, 0.00500426, 0.00435287, 0.00168426,
       0.00187635, 0.00297049, 0.00301743, 0.00325947, 0.00453718,
       0.00251537, 0.0020014 , 0.00296249, 0.00283522, 0.00159907,
       0.00258333, 0.00203475, 0.00542488, 0.00326317, 0.0036327 ,
       0.00395299, 0.00480602, 0.00296612, 0.00327437, 0.00190391,
       0.00505653, 0.00132374, 0.00261878, 0.00199247, 0.00234957,
       0.00162358, 0.00212082, 0.00268499, 0.00230969, 0.00260634,
       0.00268024, 0.00340159, 0.00237986, 0.00446652, 0.00442372,
       0.00130378, 0.00453367, 0.00283658, 0.00161117, 0.00205522,
       0.00249411, 0.00200818, 0.00264326, 0.00239106, 0.00502773,
       0.00285324, 0.00113557, 0.00353271, 0.0017522 , 0.00306294,
       0.00306286, 0.00539566, 0.00288441, 0.00215186, 0.00314736,
       0.00162605, 0.00328119, 0.00556373, 0.00447114, 0.00217725,
       0.00291471, 0.00335847, 0.00197844, 0.00353678, 0.00199644,
       0.00146282, 0.00252975, 0.00413128, 0.00256057, 0.00330398,
       0.00258142, 0.00315924, 0.00370523, 0.00419706, 0.00408247,
       0.0034836 , 0.00229414, 0.00200902, 0.00328888, 0.00201356,
       0.00164784, 0.00179973, 0.0030669 , 0.00174477, 0.00300666,
       0.00255191, 0.00322999, 0.00243546, 0.00448042, 0.00277194,
       0.00128057, 0.00497731, 0.00476357, 0.00413129, 0.0044067 ,
       0.00285564, 0.00230957, 0.00194026, 0.00223106, 0.00264134,
       0.00163566, 0.00333018, 0.00171589, 0.00435099, 0.00272581,
       0.00218858, 0.00158416, 0.00406324, 0.0043749 , 0.00856795,
       0.00252445, 0.00414809, 0.00206997, 0.00204271, 0.00133437,
       0.00429027, 0.00312496, 0.00202804, 0.00179504, 0.00205303,
       0.00196671, 0.00341216, 0.00213436, 0.00469164, 0.00306633,
       0.00327153, 0.00190523, 0.00174209, 0.00461571, 0.00143106,
       0.00338719, 0.00261834, 0.0041799 , 0.00454185, 0.00247291,
       0.00206403, 0.0022471 , 0.00428769, 0.00231424, 0.00278334,
       0.00149606, 0.00159425, 0.00344033, 0.00365307, 0.00306298,
       0.00159321, 0.00241982, 0.00219488, 0.00192158, 0.00360149,
       0.00119378, 0.00182439, 0.00498808, 0.0028969 , 0.00355189,
       0.00222864, 0.00521046, 0.00249269, 0.00383882, 0.00552181,
       0.00134273, 0.00533055, 0.00245672, 0.00132663, 0.00220332,
       0.00330311, 0.00342692, 0.00269904, 0.00429404, 0.00203134,
       0.0034765 , 0.00187595, 0.00188359, 0.00494245, 0.0021493 ,
       0.0034964 , 0.00162686, 0.00252148, 0.00274653, 0.00381969,
       0.00205511, 0.00337254, 0.00180273, 0.00320512, 0.00175389,
       0.00127703, 0.00408224, 0.00121005, 0.00240149, 0.00180794,
       0.00190622, 0.00268534, 0.00266207, 0.00497523, 0.00229335,
       0.00414865, 0.00274358, 0.00496111, 0.00185213, 0.00286593,
       0.0016625 , 0.0040804 , 0.0024569 , 0.00150856, 0.00218851])}"
