,0
0,"{'lt_0 - slope': array([1.78699741, 1.78308821, 1.8033892 , 1.79194674, 1.80282032,
       1.8004572 , 1.80175895, 1.79944772, 1.79623719, 1.79539773,
       1.78583192, 1.78593203, 1.77969229, 1.78263961, 1.79378145,
       1.79210337, 1.80899542, 1.80636517, 1.79294375, 1.79077829,
       1.80292976, 1.80894946, 1.797246  , 1.78446628, 1.79802355,
       1.78282259, 1.80305402, 1.78850891, 1.80833434, 1.78496745,
       1.79065088, 1.78185703, 1.80568331, 1.80224471, 1.80379556,
       1.7986694 , 1.80489631, 1.79025262, 1.78308265, 1.79959592,
       1.80152243, 1.77959777, 1.77710456, 1.78066348, 1.79978294,
       1.80964708, 1.78139531, 1.79307841, 1.78660744, 1.78509626,
       1.8085035 , 1.79645691, 1.78790773, 1.79335947, 1.78506061,
       1.79034847, 1.8146293 , 1.80297066, 1.79272747, 1.79198859,
       1.7842581 , 1.79714709, 1.78309752, 1.79322107, 1.78838298,
       1.78232376, 1.80536764, 1.79695372, 1.78271152, 1.80156448,
       1.78870216, 1.80127777, 1.78491922, 1.78447161, 1.7997703 ,
       1.80400455, 1.78640061, 1.80842184, 1.81008038, 1.80582992,
       1.78500557, 1.78647088, 1.78736548, 1.79653977, 1.78822177,
       1.78242587, 1.78198227, 1.81018926, 1.80072673, 1.80506863,
       1.78727645, 1.78861915, 1.77942904, 1.80029214, 1.78021372,
       1.80666266, 1.78790374, 1.79117513, 1.78040601, 1.79346438,
       1.79108208, 1.79951892, 1.79094284, 1.78833499, 1.79740186,
       1.80077696, 1.79329707, 1.78668856, 1.77919915, 1.79023737,
       1.79954169, 1.80817131, 1.79376423, 1.80230375, 1.78813167,
       1.78968683, 1.80015273, 1.80136298, 1.79401429, 1.79561477,
       1.79177423, 1.80537896, 1.8001554 , 1.78083769, 1.78231498,
       1.78691662, 1.78997353, 1.79392082, 1.80579995, 1.80260806,
       1.80218483, 1.79011691, 1.78349936, 1.79863705, 1.78379494,
       1.80543871, 1.80453062, 1.79459925, 1.78912335, 1.80321396,
       1.7788595 , 1.77947344, 1.78171962, 1.80018447, 1.78232691,
       1.77822655, 1.79305296, 1.79106938, 1.79885395, 1.80244615,
       1.78711749, 1.78444956, 1.7894402 , 1.79556775, 1.79235715,
       1.80784466, 1.78723307, 1.79717163, 1.78182973, 1.8048522 ,
       1.78531314, 1.7882733 , 1.77843653, 1.80596519, 1.80161857,
       1.80454674, 1.80787606, 1.80349394, 1.78703817, 1.80617713,
       1.78002896, 1.78151627, 1.78670205, 1.78982009, 1.79054849,
       1.80720393, 1.78435418, 1.80252839, 1.79460582, 1.79345449,
       1.79820421, 1.80228866, 1.79359607, 1.80858521, 1.79583645,
       1.78732025, 1.79844368, 1.78027424, 1.79323462, 1.80815153,
       1.79411244, 1.79014992, 1.79612254, 1.79659484, 1.78887552,
       1.79029204, 1.80640764, 1.7957215 , 1.80537297, 1.78136434,
       1.80414384, 1.78826844, 1.80931448, 1.80073509, 1.78796925,
       1.79972559, 1.78877154, 1.78327872, 1.79300704, 1.79796675,
       1.77995115, 1.78941609, 1.79961175, 1.79085011, 1.78836966,
       1.78568897, 1.78856636, 1.78434395, 1.78472927, 1.78876347,
       1.80660036, 1.80727659, 1.78488881, 1.80551765, 1.78709715,
       1.78097697, 1.78929957, 1.7861217 , 1.78407452, 1.79748725,
       1.78496157, 1.79103042, 1.79066404, 1.79568468, 1.80768736,
       1.7933338 , 1.78755883, 1.78480965, 1.79354463, 1.81049694,
       1.81092795, 1.78375949, 1.80510694, 1.77964438, 1.78759893,
       1.80484925, 1.78330823, 1.78842406, 1.7960076 , 1.80545607,
       1.80402929, 1.80517824, 1.78356249, 1.78403139, 1.7988193 ,
       1.79234973, 1.79217493, 1.7915313 , 1.79630634, 1.81066627,
       1.78345392, 1.80644331, 1.79713559, 1.78762647, 1.80227844,
       1.79353742, 1.79394683, 1.80409311, 1.79657823, 1.78889995,
       1.78886407, 1.78848936, 1.80090561, 1.80115205, 1.79884378,
       1.80612834, 1.79229   , 1.80006237, 1.77967867, 1.80165948,
       1.80773857, 1.78286838, 1.80450277, 1.79228832, 1.779937  ,
       1.79418661, 1.80801019, 1.78919451, 1.80546612, 1.78883568,
       1.79023314, 1.79248022, 1.78696631, 1.78399537, 1.78760886,
       1.80579784, 1.79696665, 1.79555392, 1.79537211, 1.8017082 ,
       1.78281041, 1.78466284, 1.78173038, 1.77900438, 1.78040486,
       1.78689306, 1.79579674, 1.7995819 , 1.80011659, 1.79883632,
       1.78281949, 1.797193  , 1.78326493, 1.78981921, 1.78799163,
       1.79591207, 1.78641705, 1.80106214, 1.79032498, 1.78601162,
       1.78728508, 1.78259669, 1.79679717, 1.80592902, 1.80305569,
       1.77835577, 1.79823192, 1.80292153, 1.78377112, 1.80580499,
       1.80642087, 1.78499938, 1.79239675, 1.81245801, 1.79101047,
       1.78804075, 1.79578033, 1.79807219, 1.78210146, 1.80392973,
       1.80690989, 1.78488816, 1.80379428, 1.79887845, 1.78818674,
       1.80980866, 1.80684117, 1.79770565, 1.78701381, 1.79528383,
       1.79316361, 1.78751754, 1.80431062, 1.81180371, 1.80809256,
       1.79268671, 1.78083616, 1.7996051 , 1.78313908, 1.80436579,
       1.8114496 , 1.78497632, 1.78135684, 1.78472511, 1.77919855,
       1.78606334, 1.8046936 , 1.78842642, 1.80204194, 1.8101908 ,
       1.79847898, 1.81048258, 1.80092018, 1.78997487, 1.80284668,
       1.78857279, 1.80061846, 1.79094356, 1.7834231 , 1.8051864 ,
       1.80605357, 1.80692785, 1.79255397, 1.79093908, 1.79571784,
       1.80372055, 1.78422371, 1.78410627, 1.78675233, 1.79401365,
       1.80884337, 1.79850132, 1.79906163, 1.80348936, 1.78399435,
       1.79686287, 1.79312682, 1.79970462, 1.78831068, 1.78497641,
       1.80788426, 1.80225648, 1.79990381, 1.80658303, 1.78631153,
       1.79608101, 1.78909513, 1.80246527, 1.80123298, 1.78569279,
       1.79354471, 1.7978831 , 1.7798477 , 1.79732657, 1.78292501,
       1.79810964, 1.78367406, 1.80745388, 1.78382233, 1.7936818 ,
       1.79857811, 1.79409685, 1.78802184, 1.77768492, 1.78292362,
       1.80197494, 1.78340039, 1.78609019, 1.79304777, 1.78550894,
       1.79952188, 1.792243  , 1.79518798, 1.78879517, 1.79036114,
       1.77839957, 1.78973129, 1.79826155, 1.78563483, 1.80215113,
       1.8045596 , 1.78652568, 1.80533112, 1.81052473, 1.7929009 ]), 'lt_0 - intercept': array([-0.82264259, -0.81953091, -0.83651645, -0.83001296, -0.83579385,
       -0.83378928, -0.84171082, -0.83664109, -0.83622493, -0.83502555,
       -0.8246934 , -0.82135904, -0.81642225, -0.81895042, -0.83138129,
       -0.82796453, -0.83849564, -0.83953243, -0.83043441, -0.82630017,
       -0.83697093, -0.83802238, -0.83025135, -0.82067619, -0.83278436,
       -0.82029183, -0.82092111, -0.8315465 , -0.83963573, -0.8256537 ,
       -0.82266978, -0.81929978, -0.83503609, -0.83566028, -0.83426169,
       -0.83883873, -0.83604719, -0.83033134, -0.81879473, -0.83016542,
       -0.84031759, -0.81710007, -0.81602962, -0.81777405, -0.8358263 ,
       -0.84214683, -0.8171342 , -0.83064063, -0.82397271, -0.82318353,
       -0.84077171, -0.83180404, -0.82792404, -0.82879884, -0.82330959,
       -0.82672722, -0.84006537, -0.8364949 , -0.83055067, -0.82796027,
       -0.82245829, -0.82872522, -0.8178204 , -0.82749338, -0.82085317,
       -0.81693961, -0.83472649, -0.83846038, -0.81865437, -0.83135955,
       -0.82260122, -0.83166259, -0.81734909, -0.82363382, -0.83076101,
       -0.83747281, -0.82568358, -0.83353379, -0.83801153, -0.83975605,
       -0.82176668, -0.82095775, -0.8242907 , -0.83834768, -0.82471471,
       -0.81866526, -0.81961441, -0.84089238, -0.83790728, -0.83187423,
       -0.8260346 , -0.82460789, -0.8146811 , -0.82981818, -0.81680921,
       -0.83410463, -0.82274208, -0.83032739, -0.82146994, -0.82792151,
       -0.82127243, -0.83732948, -0.82935366, -0.82576122, -0.82969468,
       -0.8332137 , -0.82948739, -0.82282919, -0.8170545 , -0.826764  ,
       -0.83547981, -0.84368043, -0.82868472, -0.83377997, -0.82384064,
       -0.82229222, -0.83324445, -0.83880072, -0.82819357, -0.82998408,
       -0.8310099 , -0.8339305 , -0.83363008, -0.81783103, -0.81910734,
       -0.82639302, -0.82920791, -0.83054983, -0.83855993, -0.83785566,
       -0.83700642, -0.83071684, -0.8185603 , -0.83102285, -0.8232755 ,
       -0.83625805, -0.83719507, -0.83133037, -0.82948168, -0.83976216,
       -0.81690124, -0.81575103, -0.81765902, -0.83440551, -0.81759023,
       -0.8172332 , -0.82263936, -0.82512403, -0.83270654, -0.83651498,
       -0.82727695, -0.8219596 , -0.82597705, -0.82723357, -0.83090384,
       -0.84207238, -0.82409991, -0.82907981, -0.82155238, -0.8387298 ,
       -0.81827381, -0.82727783, -0.81875705, -0.83892092, -0.83586741,
       -0.84149675, -0.837018  , -0.83732555, -0.82029482, -0.8375616 ,
       -0.81395409, -0.81835513, -0.82836553, -0.83026756, -0.82725396,
       -0.83663665, -0.82392998, -0.83517546, -0.83049195, -0.83002426,
       -0.83142834, -0.83389175, -0.82546555, -0.83833423, -0.82658503,
       -0.82798263, -0.8354315 , -0.8198979 , -0.83020895, -0.84175549,
       -0.82912321, -0.82614853, -0.83273349, -0.83289798, -0.81983807,
       -0.82098136, -0.83653301, -0.83336892, -0.8363677 , -0.82111198,
       -0.83580346, -0.82392419, -0.83529662, -0.82805841, -0.82990094,
       -0.83380753, -0.822712  , -0.81971416, -0.82523921, -0.83288436,
       -0.81642039, -0.82945489, -0.83770087, -0.82902408, -0.8275087 ,
       -0.82211072, -0.82529388, -0.82131463, -0.82074102, -0.83067268,
       -0.83798684, -0.83566507, -0.8215908 , -0.83702907, -0.82155777,
       -0.81925336, -0.82672174, -0.82416473, -0.82039394, -0.82566076,
       -0.82272302, -0.82679017, -0.82449523, -0.82916723, -0.83580136,
       -0.82508947, -0.82041574, -0.82658632, -0.82598988, -0.84304458,
       -0.84221547, -0.82208339, -0.83729275, -0.81587415, -0.82279728,
       -0.83630435, -0.81974985, -0.82103773, -0.832752  , -0.83484032,
       -0.84002388, -0.83895715, -0.81869727, -0.82143154, -0.83295446,
       -0.83299987, -0.83037902, -0.82579896, -0.83229678, -0.84353294,
       -0.8225889 , -0.84053017, -0.83198631, -0.8247723 , -0.8325694 ,
       -0.83759407, -0.8371515 , -0.83590295, -0.83587699, -0.82806185,
       -0.8259267 , -0.82362264, -0.83192435, -0.83372644, -0.83631272,
       -0.83606344, -0.82713438, -0.83396064, -0.81978613, -0.83239854,
       -0.84097539, -0.82033987, -0.83012303, -0.83146069, -0.81790405,
       -0.83091895, -0.82909987, -0.8280409 , -0.83730219, -0.82543542,
       -0.83077293, -0.83339552, -0.8258784 , -0.82184274, -0.82243052,
       -0.83800029, -0.83163288, -0.83141846, -0.82740786, -0.83323925,
       -0.820379  , -0.82055335, -0.8147656 , -0.81260878, -0.81784387,
       -0.81801735, -0.82636088, -0.83425073, -0.83555687, -0.83347489,
       -0.82202011, -0.83027958, -0.82323663, -0.82799065, -0.82680109,
       -0.8329947 , -0.82198672, -0.83659652, -0.82690677, -0.82164436,
       -0.82486236, -0.81590843, -0.82812532, -0.83980271, -0.83562521,
       -0.81536208, -0.82876343, -0.83640815, -0.82043769, -0.836987  ,
       -0.83993267, -0.82224933, -0.82391406, -0.84388741, -0.82612792,
       -0.82305565, -0.82768736, -0.82586962, -0.8170718 , -0.83763172,
       -0.83828153, -0.81906798, -0.83540384, -0.83320683, -0.82674836,
       -0.83638501, -0.83983278, -0.83132484, -0.82169144, -0.83130906,
       -0.82584572, -0.82229683, -0.83791481, -0.84155412, -0.84226151,
       -0.83115457, -0.82013995, -0.8314063 , -0.81844591, -0.83582506,
       -0.84196815, -0.81897947, -0.81848322, -0.82366785, -0.81436961,
       -0.82060731, -0.8380102 , -0.82607341, -0.83908349, -0.8373082 ,
       -0.83675188, -0.83700546, -0.83212511, -0.82447276, -0.83788391,
       -0.82943819, -0.82982791, -0.82321338, -0.81647481, -0.83921229,
       -0.83705344, -0.83769146, -0.82948886, -0.82724582, -0.82643657,
       -0.83866941, -0.82077552, -0.82190365, -0.8226045 , -0.82872311,
       -0.84147676, -0.83890409, -0.83228252, -0.83544276, -0.82263849,
       -0.83162133, -0.83020798, -0.83335845, -0.82174704, -0.81840212,
       -0.83922249, -0.83596431, -0.8283535 , -0.84019668, -0.82425197,
       -0.83091935, -0.82600029, -0.83612695, -0.83450446, -0.82255442,
       -0.82680541, -0.83307616, -0.81726633, -0.83607461, -0.82206277,
       -0.83428349, -0.8212581 , -0.83688926, -0.82499161, -0.83117133,
       -0.837346  , -0.83634563, -0.82083633, -0.81503875, -0.81934621,
       -0.83798251, -0.81693983, -0.82361573, -0.83214133, -0.82104947,
       -0.83498407, -0.82558419, -0.8315444 , -0.82254274, -0.82481152,
       -0.81422306, -0.82875649, -0.83502817, -0.82495095, -0.83378755,
       -0.83552937, -0.81946078, -0.83591326, -0.84034242, -0.83289165]), 'fs_0 - beta(p=7,n=3)': array([[ 2.13450729e-04,  3.10215368e-05, -1.40524260e-04,
         2.16354373e-04, -2.34266217e-04, -2.30263516e-04],
       [ 1.88634417e-04, -4.72818893e-04,  2.30098222e-04,
         2.28351824e-05,  1.76113659e-05,  5.34640885e-05],
       [ 2.21698556e-04,  1.85674286e-04, -2.52226223e-05,
        -2.60517314e-05, -2.33890734e-05, -1.28739535e-04],
       ...,
       [ 3.05243694e-04,  4.82741779e-04, -1.23849260e-04,
         4.75527169e-05, -6.39724044e-05, -1.59689249e-04],
       [-2.01534157e-05,  7.33516502e-04, -1.71935802e-04,
        -1.55253192e-04,  1.00407987e-04, -4.04612284e-05],
       [ 2.90499508e-04,  4.96931038e-04,  1.81627043e-05,
         4.88823142e-05,  6.32428326e-05,  6.82805071e-05]]), 'fs_1 - beta(p=365.25,n=10)': array([[ 3.62566903e-02, -5.07563069e-03, -3.12403250e-03, ...,
        -6.72094480e-04, -2.50219272e-03,  2.44006034e-03],
       [ 3.68990806e-02, -4.25026678e-03, -1.36471706e-03, ...,
         2.58792687e-03,  2.51840388e-04,  3.84708336e-03],
       [ 2.51264903e-02, -7.99721494e-03, -1.13908356e-03, ...,
         5.13505420e-04, -3.86807598e-03,  4.24023573e-03],
       ...,
       [ 2.45146748e-02, -8.17276400e-03, -1.17846494e-03, ...,
         1.62474629e-03, -4.92502699e-03,  3.11285836e-03],
       [ 2.16188074e-02, -8.97971994e-03, -5.70731062e-04, ...,
        -6.00593501e-04, -5.55101240e-04, -5.21268030e-03],
       [ 3.11139842e-02, -6.77577883e-03, -3.27700137e-03, ...,
         3.00366247e-05,  8.86464536e-04,  6.53702401e-03]]), 'sigma_log__': array([-6.4542996 , -5.84125121, -6.13670313, -5.4481131 , -6.73267743,
       -5.88778301, -6.09231267, -6.059969  , -5.92284896, -6.30694085,
       -6.26944407, -6.22559154, -6.30882984, -5.73135958, -5.91138291,
       -5.75553891, -6.36310419, -6.62263758, -5.85653331, -5.95205059,
       -6.39071403, -6.24932169, -5.32862626, -6.17347719, -5.60877418,
       -5.9780409 , -5.81538487, -5.92959535, -5.62970873, -5.89695332,
       -5.11066998, -5.49921928, -5.73689987, -6.90318193, -5.84545941,
       -6.16712706, -6.47313525, -6.3412199 , -6.21176921, -5.82226092,
       -6.50622921, -5.92677044, -5.74513925, -5.69951432, -6.12869755,
       -6.50633762, -6.39454848, -5.78657832, -5.55666631, -6.1075918 ,
       -6.48838837, -6.26295664, -6.05385932, -5.57591021, -5.7556123 ,
       -5.80239479, -6.15158178, -6.28740709, -5.89156841, -6.40002022,
       -6.0439965 , -5.94992188, -5.60144905, -5.50728789, -5.75784924,
       -6.54233806, -6.37389411, -6.35832426, -5.59193378, -6.29240674,
       -5.98206033, -5.78234948, -5.6616099 , -5.80981935, -6.15385765,
       -5.7823243 , -6.00791805, -6.36548875, -6.35325398, -6.38844501,
       -6.05839201, -6.01914141, -6.1933137 , -6.73065165, -5.93626562,
       -5.97740786, -6.16003324, -6.65106084, -5.74130135, -6.13666445,
       -6.15434518, -6.06545192, -5.90809943, -6.07599621, -5.8612203 ,
       -6.65618234, -5.70729639, -6.56610005, -6.45195193, -5.87233831,
       -6.11875313, -5.70233327, -6.2075563 , -5.7192217 , -6.18236592,
       -5.90012924, -5.89343827, -6.7549868 , -6.05098274, -5.59226404,
       -6.18332783, -6.0254561 , -5.65024259, -5.7697873 , -5.90789857,
       -6.14900254, -5.84778764, -6.37654477, -5.55599312, -5.72116728,
       -6.07338452, -5.74562643, -6.17774761, -6.11612498, -6.16699799,
       -5.66657645, -6.30836816, -5.90512061, -6.56073718, -6.30731796,
       -5.75154287, -5.56046375, -5.8961413 , -5.88190696, -6.01546705,
       -5.95604655, -6.52973292, -6.15966695, -6.31793616, -6.18414917,
       -5.84103506, -6.12555351, -5.59046078, -6.36313204, -6.0682875 ,
       -6.02262573, -6.02856624, -5.7566803 , -5.50048899, -5.97704638,
       -5.55058723, -5.81995931, -5.60176373, -5.90161095, -6.09945742,
       -6.04302093, -5.89343753, -6.43660302, -5.93557964, -6.43776692,
       -6.02887672, -6.31791108, -6.24480338, -6.07321087, -6.16039604,
       -6.14738759, -5.69186383, -6.7278775 , -5.75211573, -6.31390765,
       -6.25143785, -5.87982615, -5.43223712, -5.42439979, -5.48077498,
       -6.47438575, -5.51956719, -6.89206119, -6.02000503, -6.33971729,
       -6.42521679, -6.17621939, -5.95013155, -6.51706446, -5.5509956 ,
       -6.18005599, -5.7161218 , -6.31975109, -6.08845255, -6.59235419,
       -5.70641305, -6.34217697, -5.76502067, -5.68268036, -5.31075605,
       -6.4651148 , -5.9754973 , -6.12476303, -6.09259752, -5.5961783 ,
       -6.07042151, -5.43637545, -6.68915695, -6.06090953, -5.82969325,
       -5.97703582, -6.25759311, -6.23096992, -5.9368005 , -6.24052265,
       -5.98485914, -5.92502251, -6.03378765, -6.09999808, -6.42289416,
       -6.07965044, -5.84938515, -6.20031698, -6.21386547, -5.81784973,
       -6.40777553, -6.73049244, -6.26251422, -6.28034917, -5.97894715,
       -6.53124376, -5.44489112, -5.51990573, -6.78589875, -6.28086358,
       -5.65056821, -6.14368996, -6.38216951, -5.4188816 , -6.52323599,
       -6.13014122, -5.74314467, -5.53013699, -5.61826237, -6.41106704,
       -6.31170035, -5.94301432, -5.86170581, -5.93641769, -5.5495676 ,
       -6.03385972, -6.37969678, -5.9217184 , -5.86564609, -6.42851222,
       -6.0034054 , -6.16422007, -5.48664936, -5.89852441, -5.73120559,
       -5.65496745, -5.50648266, -5.98210476, -5.79461384, -6.31258134,
       -5.57184219, -6.5786261 , -5.98991249, -6.24634611, -6.07154533,
       -6.35235284, -6.18021962, -5.98848013, -6.09415213, -6.0182675 ,
       -6.01786983, -5.79708712, -6.06974006, -5.79309352, -5.54264453,
       -6.5941043 , -5.60499787, -5.9697872 , -6.34790687, -6.20848233,
       -6.08632853, -6.42090871, -5.98032202, -6.14118385, -5.55408802,
       -5.95679095, -6.87357899, -5.93888299, -6.3394294 , -5.95557779,
       -5.91889351, -5.43115294, -6.15185481, -6.23472715, -5.84891146,
       -6.36341184, -5.8284717 , -5.38594185, -5.61514276, -6.16094493,
       -5.99253424, -5.84899462, -6.35995531, -5.72609859, -6.30075164,
       -6.5587015 , -6.03926908, -5.61537303, -6.0063935 , -5.79451122,
       -6.33636877, -5.84476178, -5.85229673, -5.60983849, -5.66962209,
       -5.77373262, -6.12534077, -6.21408014, -5.82037366, -6.23553234,
       -6.44178664, -6.40878427, -5.75797347, -6.34129135, -5.90853539,
       -6.17737259, -5.83441401, -6.09725611, -5.67375457, -6.00579518,
       -6.6582414 , -5.5085419 , -5.5321814 , -5.66464961, -5.62288859,
       -5.9858466 , -6.12936204, -6.24761659, -6.2368374 , -5.9981522 ,
       -6.40242388, -5.79752893, -6.36336748, -5.56814151, -5.96378771,
       -6.12977461, -6.43892192, -5.64640357, -5.57725913, -4.78345303,
       -6.06377891, -5.63795655, -6.19333412, -6.25603843, -6.65627481,
       -5.58436099, -6.0458096 , -6.1784516 , -6.382788  , -6.20847251,
       -6.20419707, -5.83283922, -6.27810994, -5.6071438 , -6.10897066,
       -5.84339803, -6.20866298, -6.51092369, -5.51843045, -6.47126303,
       -5.82046666, -5.98855909, -5.61314121, -5.47929743, -5.99842425,
       -6.24550188, -6.11943063, -5.60746367, -6.16315717, -5.9601504 ,
       -6.47994744, -6.44106286, -5.8057777 , -5.71649221, -5.87754704,
       -6.59101236, -6.07875925, -6.20052045, -6.19369151, -5.75831958,
       -6.7886278 , -6.39768681, -5.47471834, -5.89933018, -5.78702091,
       -6.14526859, -5.46761477, -6.08814077, -5.6215172 , -5.46718138,
       -6.60464131, -5.41542371, -6.06714443, -6.62662854, -6.17561027,
       -5.83502527, -5.93412401, -5.96150932, -5.5728781 , -6.22408152,
       -5.85021255, -6.2890408 , -6.4677479 , -5.47081508, -6.18689822,
       -5.75247116, -6.49309365, -6.03456907, -6.14371569, -5.69865282,
       -6.25109314, -5.79780925, -6.42019614, -6.02049633, -6.4238828 ,
       -6.65048677, -5.75014115, -6.74641826, -6.09596822, -6.28548381,
       -6.27931547, -6.06145641, -5.9889911 , -5.54729002, -6.06653413,
       -5.76688352, -6.01338064, -5.4749358 , -6.32980228, -5.97286386,
       -6.38549281, -5.67281657, -6.03893349, -6.49056359, -6.18928875]), 'sigma': array([0.00157374, 0.00290521, 0.00216204, 0.00430442, 0.00119134,
       0.00277312, 0.00226018, 0.00233447, 0.00267756, 0.0018236 ,
       0.00189328, 0.00197815, 0.00182016, 0.00324267, 0.00270844,
       0.0031652 , 0.00172401, 0.00132992, 0.00286115, 0.0026005 ,
       0.00167706, 0.00193176, 0.00485073, 0.00208398, 0.00366556,
       0.00253379, 0.00298133, 0.00265956, 0.00358962, 0.0027478 ,
       0.00603204, 0.00408996, 0.00322475, 0.00100458, 0.00289301,
       0.00209725, 0.00154438, 0.00176215, 0.00200569, 0.0029609 ,
       0.0014941 , 0.00266708, 0.00319829, 0.00334759, 0.00217942,
       0.00149394, 0.00167064, 0.00306846, 0.00386163, 0.0022259 ,
       0.001521  , 0.0019056 , 0.00234878, 0.00378803, 0.00316497,
       0.00302031, 0.00213011, 0.00185958, 0.00276264, 0.00166152,
       0.00237206, 0.00260604, 0.00369251, 0.0040571 , 0.0031579 ,
       0.00144112, 0.0017055 , 0.00173227, 0.00372781, 0.0018503 ,
       0.00252362, 0.00308147, 0.00347691, 0.00299797, 0.00212527,
       0.00308154, 0.0024592 , 0.0017199 , 0.00174107, 0.00168087,
       0.00233816, 0.00243176, 0.00204305, 0.00119375, 0.00264188,
       0.00253539, 0.00211218, 0.00129265, 0.00321059, 0.00216212,
       0.00212423, 0.00232171, 0.00271735, 0.00229736, 0.00284777,
       0.00128605, 0.00332164, 0.00140728, 0.00157744, 0.00281628,
       0.0022012 , 0.00333817, 0.00201415, 0.00328226, 0.00206554,
       0.00273909, 0.00275748, 0.00116506, 0.00235555, 0.00372658,
       0.00206355, 0.00241645, 0.00351666, 0.00312042, 0.00271789,
       0.00213561, 0.00288628, 0.00170099, 0.00386423, 0.00327588,
       0.00230336, 0.00319673, 0.0020751 , 0.00220699, 0.00209752,
       0.00345969, 0.001821  , 0.00272545, 0.00141484, 0.00182292,
       0.00317787, 0.00384699, 0.00275004, 0.00278946, 0.00244071,
       0.00259013, 0.0014594 , 0.00211296, 0.00180366, 0.00206186,
       0.00290583, 0.00218628, 0.00373331, 0.00172396, 0.00231513,
       0.0024233 , 0.00240895, 0.00316159, 0.00408477, 0.00253631,
       0.00388518, 0.00296773, 0.00369135, 0.00273504, 0.00224408,
       0.00237438, 0.00275748, 0.00160184, 0.00264369, 0.00159998,
       0.0024082 , 0.00180371, 0.00194051, 0.00230376, 0.00211142,
       0.00213906, 0.0033733 , 0.00119707, 0.00317605, 0.00181094,
       0.00192768, 0.00279527, 0.0043733 , 0.00440771, 0.0041661 ,
       0.00154245, 0.00400758, 0.00101582, 0.00242966, 0.0017648 ,
       0.00162018, 0.00207827, 0.0026055 , 0.001478  , 0.00388359,
       0.00207031, 0.00329245, 0.00180039, 0.00226892, 0.00137081,
       0.00332458, 0.00176047, 0.00313533, 0.00340442, 0.00493819,
       0.00155681, 0.00254024, 0.00218801, 0.00225953, 0.00371202,
       0.0023102 , 0.00435524, 0.00124433, 0.00233228, 0.00293898,
       0.00253633, 0.00191585, 0.00196754, 0.00264046, 0.00194884,
       0.00251657, 0.00267175, 0.0023964 , 0.00224287, 0.00162395,
       0.00228898, 0.00288167, 0.00202879, 0.00200149, 0.00297399,
       0.00164869, 0.00119394, 0.00190645, 0.00187275, 0.00253149,
       0.00145719, 0.00431831, 0.00400623, 0.00112959, 0.00187178,
       0.00351552, 0.00214699, 0.00169145, 0.0044321 , 0.00146891,
       0.00217627, 0.00320467, 0.00396545, 0.00363094, 0.00164327,
       0.00181494, 0.00262411, 0.00284638, 0.00264148, 0.00388914,
       0.00239623, 0.00169564, 0.00268059, 0.00283519, 0.00161485,
       0.00247033, 0.00210336, 0.0041417 , 0.00274349, 0.00324316,
       0.00350009, 0.00406036, 0.00252351, 0.00304391, 0.00181335,
       0.00380347, 0.00138976, 0.00250388, 0.00193752, 0.0023076 ,
       0.00174264, 0.00206997, 0.00250747, 0.00225602, 0.00243388,
       0.00243485, 0.00303639, 0.00231177, 0.00304854, 0.00391616,
       0.00136841, 0.00367943, 0.00255479, 0.00175041, 0.00201229,
       0.00227374, 0.00162718, 0.00252801, 0.00215237, 0.0038716 ,
       0.0025882 , 0.00103477, 0.00263497, 0.00176531, 0.00259135,
       0.00268817, 0.00437805, 0.00212953, 0.00196016, 0.00288304,
       0.00172348, 0.00294257, 0.00458052, 0.00364229, 0.00211026,
       0.00249733, 0.0028828 , 0.00172944, 0.00325977, 0.00183493,
       0.00141773, 0.0023833 , 0.00364145, 0.00246295, 0.00304422,
       0.00177072, 0.00289502, 0.00287329, 0.00366166, 0.00344917,
       0.00310813, 0.00218675, 0.00200106, 0.0029665 , 0.00195859,
       0.00159356, 0.00164703, 0.0031575 , 0.00176203, 0.00271616,
       0.00207587, 0.00292514, 0.00224903, 0.00343494, 0.00246443,
       0.0012834 , 0.00405201, 0.00395735, 0.00346636, 0.00361419,
       0.00251408, 0.00217797, 0.00193506, 0.00195603, 0.00248334,
       0.00165753, 0.00303505, 0.00172355, 0.00381757, 0.00257016,
       0.00217707, 0.00159813, 0.00353019, 0.00378292, 0.00836706,
       0.0023256 , 0.00356014, 0.002043  , 0.00191883, 0.00128593,
       0.00375615, 0.00236776, 0.00207364, 0.0016904 , 0.00201231,
       0.00202093, 0.00292975, 0.00187694, 0.00367154, 0.00222284,
       0.00289898, 0.00201193, 0.00148711, 0.00401214, 0.00154727,
       0.00296622, 0.00250727, 0.00364959, 0.00417226, 0.00248266,
       0.00193916, 0.00219971, 0.00367037, 0.0021056 , 0.00257952,
       0.00153389, 0.00159471, 0.00301011, 0.00329124, 0.00280165,
       0.00137265, 0.00229102, 0.00202837, 0.00204227, 0.00315641,
       0.00112651, 0.00166541, 0.00419141, 0.00274128, 0.00306711,
       0.0021436 , 0.00422129, 0.00226962, 0.00361915, 0.00422312,
       0.00135407, 0.00444745, 0.00231778, 0.00132462, 0.00207954,
       0.00292335, 0.00264754, 0.00257602, 0.00379953, 0.00198114,
       0.00287929, 0.00185654, 0.00155272, 0.0042078 , 0.00205619,
       0.00317493, 0.00151386, 0.00239453, 0.00214693, 0.00335048,
       0.00192835, 0.00303419, 0.00162834, 0.00242846, 0.00162234,
       0.00129339, 0.00318233, 0.00117508, 0.00225193, 0.00186316,
       0.00187468, 0.002331  , 0.00250619, 0.00389801, 0.0023192 ,
       0.0031295 , 0.00244581, 0.0041905 , 0.00178239, 0.00254694,
       0.00168584, 0.00343817, 0.0023841 , 0.00151769, 0.00205129])}"
